 -1.272427 0.000100 0.000100 0.000100
 -1.503449 0.000100 0.000100 0.000100
 -1.943400 0.000100 0.000100 0.000100
 -1.037692 0.000100 0.000100 0.000100
 -1.312827 -1.535970 -1.823652 -1.037724
 -1.001763 -1.957272 -2.342933 -0.927655
 -1.302212 -1.600703 -2.097137 -0.907558
 -1.671615 -1.483024 -1.750086 -0.888317
 -1.137642 -1.731416 -2.046496 -0.985626
 -1.067841 -1.897118 -2.510219 -0.855667
 -0.992391 -2.268679 -2.807669 -0.764608
 -1.535100 -1.750808 -1.535100 -0.927609
 -1.004087 -1.596589 -1.950228 -1.242045
 -1.037526 -2.359275 -2.071595 -0.855204
 -0.907558 -2.538966 -2.338298 -0.864999
 -1.845826 -1.543546 -1.446919 -0.933466
 -1.266067 -1.364507 -1.814031 -1.205443
 -0.876931 -1.701104 -2.617389 -1.113319
 -1.275069 -2.022280 -1.734600 -0.887304
 -1.629916 -1.515972 -1.427680 -1.065387
 -1.175205 -1.573234 -2.244401 -0.973179
 -0.984854 -1.615480 -2.472926 -1.068937
 -1.218158 -1.820331 -1.911303 -0.930476
 -1.458984 -1.938556 -1.232671 -1.102309
 -1.178655 -1.766441 -1.817734 -1.024505
 -1.252763 -1.574346 -2.108426 -0.952659
 -1.113319 -2.355027 -1.828937 -0.876931
 -1.592046 -1.823847 -1.574951 -0.848469
 -1.227504 -1.499437 -1.657065 -1.227504
 -0.960211 -1.760986 -1.907589 -1.214445
 -1.105993 -1.777159 -2.140063 -0.961412
 -1.733550 -1.648028 -1.248042 -1.067554
 -1.171638 -1.391000 -2.365557 -1.057228
 -0.926080 -1.945908 -2.146578 -1.066661
 -1.040457 -2.026949 -1.939938 -0.990860
 -1.441210 -1.718196 -1.425210 -1.068535
 -1.195941 -1.506095 -1.929909 -1.106710
 -1.185624 -1.878769 -2.079439 -0.875470
 -0.877071 -2.525722 -2.343402 -0.896489
 -1.781064 -1.802570 -1.142576 -1.056501
 -1.040690 -1.646825 -2.440053 -1.002469
 -1.306830 -1.845825 -2.057133 -0.812813
 -1.036093 -2.098984 -2.335371 -0.853771
 -1.526746 -1.908680 -1.450373 -0.916291
 -1.472126 -1.831499 -1.976680 -0.751071
 -0.999673 -2.430413 -2.055722 -0.877071
 -1.065552 -2.140062 -2.214170 -0.847299
 -1.764107 -2.010240 -1.364722 -0.822682
 -1.401798 -1.776491 -2.228474 -0.740401
 -1.609437 -2.169049 -1.518466 -0.762142
 -0.955512 -2.254791 -2.323783 -0.885308
 -1.915223 -1.915223 -1.333869 -0.816613
 -1.181500 -1.769286 -1.838278 -1.011602
 -1.107582 -2.233588 -1.945907 -0.868353
 -1.210618 -2.378218 -2.021545 -0.740615
 -1.945909 -2.006534 -1.177256 -0.880524
 -1.517536 -1.765372 -1.935270 -0.765202
 -1.118031 -2.564941 -2.447159 -0.674101
 -1.247033 -2.451001 -2.068011 -0.693148
 -1.890095 -2.246769 -1.157728 -0.846292
 -1.553868 -1.986730 -1.906688 -0.687450
 -1.280934 -1.934857 -1.727219 -0.916292
 -1.374024 -2.143155 -1.952100 -0.718150
 -1.978970 -2.384434 -1.174598 -0.774999
 -1.778855 -2.092511 -2.092511 -0.537144
 -1.609437 -2.420360 -1.555370 -0.693149
 -1.498506 -2.622431 -2.142861 -0.533427
 -2.589371 -2.208005 -1.054044 -0.762524
 -1.945907 -1.722765 -1.945907 -0.624156
 -1.561235 -2.315000 -1.398717 -0.810932
 -1.504077 -2.602685 -1.807759 -0.616775
 -2.624666 -2.074621 -1.084224 -0.768371
 -1.609437 -1.709520 -3.044506 -0.559618
 -1.407801 -2.058384 -1.978342 -0.714655
 -2.036880 -2.113841 -2.113841 -0.465186
 -2.500409 -2.204945 -0.975714 -0.842183
 -2.069776 -1.801514 -2.842957 -0.430039
 -1.599387 -1.822529 -1.504077 -0.881549
 -2.028147 -1.914818 -1.418383 -0.736166
 -2.535677 -1.958363 -1.111066 -0.797409
 -1.504077 -1.408767 -3.401168 -0.693149
 -1.551808 -2.062631 -2.062631 -0.627552
 -1.721800 -1.866982 -2.241674 -0.579130
 -2.575501 -1.815664 -1.378451 -0.674942
 -0.758288 -0.777706 -2.630080 -13.919874
 -0.598533 -1.378690 -1.617100 -14.085541
 -0.543209 -1.249094 -2.022281 -14.122998
 -1.115501 -1.239691 -0.960308 -15.245823
 -15.039288 -15.039288 -15.039288 -0.000001
 -14.707510 -14.707510 -14.707510 -0.000001
 -14.566929 -14.566929 -14.566929 -0.000001
 -1.386294 -1.386294 -1.386294 -1.386294
 -1.386294 -1.386294 -1.386294 -1.386294
 -1.386294 -1.386294 -1.386294 -1.386294
 -1.386294 -1.386294 -1.386294 -1.386294
 -15.889940 -15.889940 -15.889940 -0.000000
 -1.386294 -1.386294 -1.386294 -1.386294
 -1.386294 -1.386294 -1.386294 -1.386294
 -1.386294 -1.386294 -1.386294 -1.386294
 -0.000000 -15.889940 -15.889940 -15.889940
 -15.889940 -15.889940 -0.000000 -15.889940
 -1.386294 -1.386294 -1.386294 -1.386294
 -1.386294 -1.386294 -1.386294 -1.386294
 -1.386294 -1.386294 -1.386294 -1.386294
 -1.386294 -1.386294 -1.386294 -1.386294
 -1.386294 -1.386294 -1.386294 -1.386294
 -1.211539 -2.990718 -0.644118 -2.064478
 -1.386294 -1.386294 -1.386294 -1.386294
 -1.661397 -2.377015 -1.884540 -0.570221
 -1.290985 -2.590244 -1.742965 -0.744445
 -1.420361 -2.046496 -1.830788 -0.757367
 -3.005666 -1.670680 -1.396245 -0.663879
 -1.027154 -2.143155 -1.686398 -1.080264
 -1.366092 -2.100057 -1.812377 -0.778307
 -1.076634 -1.860751 -1.537978 -1.241714
 -1.916423 -1.850826 -1.003529 -1.111160
 -1.185397 0.000100 0.000100 0.000100
 -1.734684 0.000100 0.000100 0.000100
 -1.527750 0.000100 0.000100 0.000100
 -1.200991 0.000100 0.000100 0.000100
 -1.111727 -1.595689 -1.432970 -1.471235
 -1.050427 -1.854325 -1.615095 -1.221521
 -0.993137 -1.760154 -1.670923 -1.311204
 -1.764830 -1.434588 -1.344976 -1.108588
 -1.158761 -1.727856 -1.577795 -1.197227
 -0.971682 -1.822296 -2.047379 -1.106160
 -1.014618 -1.716869 -1.704748 -1.287307
 -1.600588 -1.600588 -1.549075 -0.957113
 -1.089716 -1.655997 -1.449155 -1.435410
 -0.869460 -2.060445 -1.977924 -1.154965
 -1.109308 -1.913206 -1.632304 -1.117405
 -1.598009 -1.613277 -1.218121 -1.195073
 -1.200192 -1.803188 -1.208311 -1.446513
 -0.900677 -1.905259 -1.705463 -1.334715
 -0.927732 -1.740033 -1.504619 -1.575356
 -1.498936 -1.612880 -1.248477 -1.236572
 -1.049822 -1.866348 -1.625186 -1.209195
 -0.914153 -1.937387 -1.898547 -1.186532
 -1.035828 -1.748233 -1.710081 -1.237408
 -1.763256 -1.481405 -1.385298 -1.047120
 -1.124173 -1.756124 -1.418348 -1.346104
 -0.944260 -1.860550 -1.798856 -1.238021
 -1.061571 -1.907657 -1.609438 -1.185281
 -1.611845 -1.530876 -1.262830 -1.199708
 -1.177623 -1.569773 -1.398758 -1.439720
 -0.891496 -1.892944 -1.692274 -1.365590
 -1.030475 -1.605173 -1.543298 -1.475639
 -1.703882 -1.471260 -1.257976 -1.190203
 -1.115265 -1.589813 -1.678667 -1.267319
 -1.076714 -1.588743 -2.018600 -1.132387
 -1.034009 -1.667394 -1.759945 -1.260089
 -1.783101 -1.491118 -1.562259 -0.923564
 -1.074515 -1.792601 -1.583700 -1.248985
 -0.949484 -2.008274 -1.905620 -1.108333
 -1.076512 -1.683331 -1.958559 -1.101410
 -1.625902 -1.448865 -1.298506 -1.219121
 -1.140355 -1.616001 -1.439181 -1.408619
 -1.002569 -1.808020 -1.744506 -1.222969
 -1.017725 -1.832887 -1.684203 -1.227445
 -1.644123 -1.443071 -1.379822 -1.142585
 -1.013063 -1.667874 -1.708511 -1.320088
 -1.040607 -1.824041 -2.073108 -1.022781
 -1.042399 -1.676246 -1.688442 -1.289131
 -1.687094 -1.597348 -1.605969 -0.887179
 -1.156865 -1.873420 -1.467955 -1.198866
 -0.904378 -2.132769 -1.842282 -1.144942
 -1.118528 -1.846766 -1.786141 -1.055877
 -1.609438 -1.640210 -1.336062 -1.069495
 -1.140697 -1.813010 -1.383774 -1.321966
 -0.950886 -1.857225 -1.684854 -1.301862
 -0.987750 -1.848512 -1.564487 -1.343543
 -1.698669 -1.519826 -1.247063 -1.168041
 -1.101128 -1.897678 -1.771858 -1.056786
 -1.017180 -1.733674 -1.962740 -1.135444
 -1.091473 -1.658740 -1.561477 -1.331527
 -1.869146 -1.422399 -1.564370 -0.927883
 -1.163669 -1.652635 -1.381990 -1.406339
 -0.918256 -1.994177 -1.818286 -1.196150
 -1.014962 -2.008214 -1.700729 -1.136921
 -1.647178 -1.690407 -1.165227 -1.167605
 -1.103637 -1.703079 -1.354232 -1.478102
 -0.901585 -1.919592 -1.670525 -1.349927
 -0.957778 -1.797951 -1.504077 -1.476678
 -1.571004 -1.530838 -1.171018 -1.325169
 -1.199841 -1.749200 -1.497885 -1.199841
 -0.993662 -2.031432 -1.735968 -1.131949
 -1.010126 -1.650629 -1.758842 -1.303228
 -1.833345 -1.404794 -1.477945 -1.003487
 -1.226139 -1.775037 -1.364609 -1.267201
 -0.965081 -2.106252 -1.824020 -1.090707
 -1.182953 -2.069685 -1.629241 -0.990682
 -1.787009 -1.705145 -1.103386 -1.142415
 -1.228893 -1.629696 -1.309975 -1.420605
 -1.090644 -1.593564 -1.803022 -1.217396
 -1.133098 -1.751695 -1.438480 -1.319764
 -1.907225 -1.275842 -1.303934 -1.201141
 -1.238996 -1.335958 -1.649424 -1.365480
 -1.056195 -1.434173 -1.893705 -1.334089
 -1.057952 -1.312186 -2.186152 -1.304696
 -1.827625 -1.222512 -1.716104 -1.007994
 -0.771420 -1.434376 -1.206042 -16.239428
 -0.363603 -2.053752 -1.733982 -16.191347
 -0.664027 -1.448865 -1.384740 -15.676486
 -1.080823 -1.293318 -0.951077 -16.275101
 -16.810242 -16.810242 -16.810242 -0.000000
 -15.989126 -15.989126 -15.989126 -0.000000
 -16.250002 -16.250002 -16.250002 -0.000000
 -1.386294 -1.386294 -1.386294 -1.386294
 -1.386294 -1.386294 -1.386294 -1.386294
 -1.386294 -1.386294 -1.386294 -1.386294
 -1.386294 -1.386294 -1.386294 -1.386294
 -17.508881 -17.508881 -17.508881 -0.000000
 -1.386294 -1.386294 -1.386294 -1.386294
 -1.386294 -1.386294 -1.386294 -1.386294
 -1.386294 -1.386294 -1.386294 -1.386294
 0.000000 -17.508881 -17.508881 -17.508881
 -17.508881 -17.508881 -0.000000 -17.508881
 -1.386294 -1.386294 -1.386294 -1.386294
 -1.386294 -1.386294 -1.386294 -1.386294
 -1.386294 -1.386294 -1.386294 -1.386294
 -1.386294 -1.386294 -1.386294 -1.386294
 -1.386294 -1.386294 -1.386294 -1.386294
 -1.148623 -1.497257 -2.035141 -1.113153
 -1.386294 -1.386294 -1.386294 -1.386294
 -1.121638 -1.892421 -1.326871 -1.353859
 -1.014386 -2.323946 -2.128454 -0.866389
 -0.758067 -2.000718 -2.456734 -1.169648
 -1.594400 -1.491655 -1.455287 -1.082829
 -1.232258 -1.679570 -1.268423 -1.424464
 -1.107915 -1.694767 -1.576051 -1.275394
 -0.961797 -1.937176 -1.489152 -1.393842
 -1.894844 -1.551900 -1.181697 -1.105469
