 -1.459734 0.000100 0.000100 0.000100
 -1.492345 0.000100 0.000100 0.000100
 -1.742082 0.000100 0.000100 0.000100
 -1.000483 0.000100 0.000100 0.000100
 -1.136765 -1.424446 -2.095612 -1.153572
 -0.921832 -1.701989 -2.800595 -1.024110
 -0.941428 -1.813264 -2.240706 -1.077560
 -1.470852 -1.427680 -1.515972 -1.168571
 -1.250804 -1.712622 -1.780063 -1.008664
 -1.053151 -1.746296 -2.203053 -1.004360
 -1.022627 -1.902983 -2.251287 -0.952010
 -1.624705 -1.663926 -1.481604 -0.950977
 -1.143869 -1.360092 -2.587317 -1.051088
 -1.091644 -2.072470 -2.129628 -0.868501
 -1.006020 -2.700607 -1.953399 -0.854790
 -1.567292 -1.972756 -1.685075 -0.761668
 -0.969401 -1.640074 -1.733165 -1.386294
 -1.260669 -2.205126 -2.205126 -0.701054
 -0.930149 -2.206437 -2.206437 -0.953680
 -1.463374 -1.812749 -1.309223 -1.092695
 -1.035351 -1.694595 -2.067269 -1.094539
 -0.986135 -1.945908 -2.128228 -1.007641
 -0.857903 -2.018070 -2.577682 -1.002153
 -1.595049 -1.577349 -1.559958 -0.966441
 -0.866946 -1.657255 -2.052567 -1.344383
 -1.036738 -1.904236 -2.058385 -0.997517
 -1.257083 -1.709067 -1.863216 -0.969402
 -1.630272 -1.578978 -1.316615 -1.108975
 -1.182696 -1.323774 -2.146131 -1.169624
 -1.066037 -2.021545 -2.021545 -0.939743
 -1.001449 -1.899388 -1.945908 -1.078410
 -1.728186 -1.644805 -1.337320 -1.002952
 -1.224653 -1.403994 -2.062048 -1.098613
 -0.968251 -2.290003 -2.066860 -0.935462
 -0.976011 -2.036879 -2.219200 -0.956963
 -1.463967 -1.831691 -1.294549 -1.095060
 -1.140460 -1.712978 -2.129871 -0.964569
 -0.973450 -1.814231 -1.814231 -1.216396
 -0.905710 -1.953025 -2.646168 -0.959777
 -1.740466 -1.348424 -1.592046 -1.017761
 -1.274177 -1.474848 -1.937470 -1.057113
 -1.313974 -2.302581 -2.079439 -0.680726
 -1.065552 -2.071070 -2.071070 -0.907924
 -1.680896 -1.626829 -1.365816 -1.015921
 -1.292768 -1.556920 -1.629240 -1.143733
 -1.292266 -2.316765 -1.864783 -0.751136
 -1.178656 -2.190253 -1.967110 -0.819711
 -1.843719 -1.927100 -1.255933 -0.888208
 -1.309922 -1.578185 -2.150702 -0.897942
 -0.950483 -2.699673 -2.476532 -0.771792
 -1.036621 -2.749593 -1.969439 -0.816762
 -1.758473 -1.912623 -1.295189 -0.901024
 -1.207093 -1.358643 -2.274931 -1.075517
 -1.296144 -1.890848 -1.773066 -0.902240
 -1.148093 -2.204142 -1.841238 -0.882390
 -1.839961 -1.734601 -1.223776 -0.992664
 -1.237339 -1.478500 -2.127194 -1.014196
 -1.161792 -2.282378 -2.100058 -0.770926
 -1.356081 -2.098016 -2.454688 -0.627843
 -1.972756 -1.926236 -1.135716 -0.931304
 -1.562185 -1.791758 -1.929908 -0.737111
 -1.479980 -2.173123 -1.516347 -0.823202
 -1.558144 -2.538968 -1.558144 -0.693148
 -2.011999 -2.621763 -1.078468 -0.790786
 -14.187077 -14.187077 -14.187077 -0.000002
 -13.617064 -13.617064 -13.617064 -0.000004
 -14.523548 -14.523548 -14.523548 -0.000001
 -15.137267 -15.137267 -15.137267 -0.000001
 -1.386294 -1.386294 -1.386294 -1.386294
 -1.386294 -1.386294 -1.386294 -1.386294
 -1.386294 -1.386294 -1.386294 -1.386294
 -2.579967 -2.136965 -1.017519 -0.810309
 -1.913645 -1.913645 -2.319104 -0.499960
 -1.295781 -2.068966 -1.720662 -0.864999
 -1.935653 -1.959750 -1.647971 -0.649444
 -2.297012 -2.030385 -1.126943 -0.811629
 -1.591893 -1.954796 -3.117934 -0.493283
 -1.433251 -1.983295 -2.388756 -0.630907
 -1.360977 -2.054122 -2.181955 -0.688033
 -1.953671 -1.850131 -1.307045 -0.843012
 -1.669656 -1.602965 -2.092511 -0.719466
 -1.429969 -1.626679 -1.928958 -0.870355
 -1.318241 -2.011386 -1.777772 -0.844954
 -1.945909 -2.307699 -1.346289 -0.698263
 -14.227623 -14.227623 -14.227623 -0.000002
 -13.928843 -13.928843 -13.928843 -0.000003
 -14.297939 -14.297939 -14.297939 -0.000002
 -15.150513 -15.150513 -15.150513 -0.000001
 -1.386294 -1.386294 -1.386294 -1.386294
 -1.386294 -1.386294 -1.386294 -1.386294
 -1.386294 -1.386294 -1.386294 -1.386294
 -1.572848 -1.145665 -0.745422 -15.901183
 -14.328337 -14.328337 -14.328337 -0.000002
 -14.755519 -14.755519 -14.755519 -0.000001
 -15.155762 -15.155762 -15.155762 -0.000001
 -1.386294 -1.386294 -1.386294 -1.386294
 -1.386294 -1.386294 -1.386294 -1.386294
 -1.386294 -1.386294 -1.386294 -1.386294
 -1.386294 -1.386294 -1.386294 -1.386294
 -0.000000 -15.901183 -15.901183 -15.901183
 -15.901183 -15.901183 -0.000000 -15.901183
 -1.386294 -1.386294 -1.386294 -1.386294
 -1.386294 -1.386294 -1.386294 -1.386294
 -1.386294 -1.386294 -1.386294 -1.386294
 -1.386294 -1.386294 -1.386294 -1.386294
 -1.386294 -1.386294 -1.386294 -1.386294
 -0.973815 -3.053254 -0.769264 -2.191032
 -1.386294 -1.386294 -1.386294 -1.386294
 -1.527373 -1.482921 -1.542640 -1.072637
 -1.558143 -2.028139 -1.845821 -0.693152
 -1.230231 -2.050376 -1.577773 -0.987105
 -2.014899 -1.934857 -1.408767 -0.738612
 -1.212557 -1.807263 -1.776491 -0.996334
 -0.827739 -3.113502 -1.647177 -1.121086
 -0.946145 -1.768502 -1.768502 -1.307157
 -1.457632 -1.959111 -1.277661 -1.056873
 -1.188609 0.000100 0.000100 0.000100
 -1.712978 0.000100 0.000100 0.000100
 -1.728246 0.000100 0.000100 0.000100
 -1.086392 0.000100 0.000100 0.000100
 -1.187664 -1.578530 -1.578530 -1.264037
 -1.011602 -1.838278 -1.448815 -1.417066
 -1.017388 -1.732039 -1.776491 -1.229949
 -1.659240 -1.558144 -1.335001 -1.090548
 -0.990399 -1.709521 -1.658227 -1.358124
 -1.043805 -1.864783 -1.911303 -1.064008
 -1.039424 -1.841769 -1.732570 -1.168041
 -1.711716 -1.546637 -1.525131 -0.944462
 -1.272966 -1.631910 -1.484275 -1.211408
 -0.893819 -1.938361 -2.049586 -1.145133
 -0.894630 -1.741926 -1.875457 -1.336462
 -1.622123 -1.429219 -1.446919 -1.115562
 -1.062895 -1.680055 -1.586965 -1.333185
 -0.892277 -1.878769 -1.637608 -1.414465
 -0.933683 -1.680896 -1.798678 -1.365816
 -1.578530 -1.475346 -1.248289 -1.280038
 -1.017924 -1.711070 -1.643629 -1.329136
 -0.997517 -1.953025 -2.115544 -0.997517
 -1.189584 -1.945908 -1.497885 -1.111113
 -1.519825 -1.731134 -1.593933 -0.913691
 -1.014882 -1.770159 -1.770159 -1.214215
 -1.098613 -1.897118 -1.696448 -1.098613
 -1.077107 -1.982812 -1.461518 -1.238375
 -1.694595 -1.609437 -1.267152 -1.094539
 -1.066574 -1.815289 -1.345286 -1.458615
 -0.978167 -1.532476 -1.692818 -1.496109
 -1.010060 -1.686398 -1.686398 -1.326396
 -1.676879 -1.653889 -1.161414 -1.175400
 -1.116713 -1.796253 -1.823652 -1.063367
 -1.041455 -1.734600 -2.347701 -0.980830
 -1.138054 -1.509617 -1.614977 -1.348349
 -1.407348 -1.760987 -1.593933 -0.967037
 -1.293401 -1.682865 -1.431551 -1.201028
 -1.136640 -1.639742 -1.953399 -1.069199
 -1.131403 -1.824548 -1.488077 -1.236763
 -1.875842 -1.543137 -1.354546 -0.980830
 -1.082352 -1.842189 -1.495914 -1.277661
 -1.235188 -2.646168 -1.547562 -0.854416
 -1.234745 -1.640209 -1.234745 -1.495027
 -1.581038 -1.485728 -1.398717 -1.136353
 -1.225768 -1.837568 -1.665718 -1.026639
 -0.944463 -2.197221 -2.003066 -1.007641
 -1.076513 -1.968508 -1.929288 -0.982694
 -1.706962 -1.326191 -1.431551 -1.157856
 -1.203973 -1.913119 -1.518466 -1.098613
 -1.161626 -1.784153 -1.984823 -0.963175
 -0.934984 -2.197221 -1.960834 -1.034075
 -2.018816 -1.450833 -1.227690 -1.079270
 -1.514603 -1.641355 -1.320448 -1.141400
 -0.881740 -1.716535 -2.079438 -1.268512
 -1.111352 -1.536234 -1.661397 -1.324926
 -1.590019 -1.414129 -1.292768 -1.278584
 -1.118918 -1.486642 -1.827568 -1.250254
 -1.199709 -1.615868 -1.871801 -1.060873
 -1.404422 -1.333804 -1.785788 -1.129010
 -1.658227 -1.252763 -1.562917 -1.157453
 -1.119556 -1.766182 -1.736329 -1.119556
 -0.973450 -2.197222 -1.529395 -1.222665
 -0.980830 -1.519825 -2.287076 -1.188469
 -1.592270 -1.613776 -1.658227 -0.899124
 -14.630877 -14.630877 -14.630877 -0.000001
 -14.054531 -14.054531 -14.054531 -0.000002
 -14.077878 -14.077878 -14.077878 -0.000002
 -14.727795 -14.727795 -14.727795 -0.000001
 -1.386294 -1.386294 -1.386294 -1.386294
 -1.386294 -1.386294 -1.386294 -1.386294
 -1.386294 -1.386294 -1.386294 -1.386294
 -1.675799 -1.413997 -1.591834 -1.004794
 -1.518783 -1.423473 -1.624143 -1.069834
 -1.289963 -1.570865 -1.747795 -1.070910
 -1.507438 -1.636650 -1.315067 -1.153799
 -1.583653 -1.659161 -1.416600 -1.016276
 -1.129010 -2.026949 -1.822156 -0.959112
 -0.985284 -1.832580 -2.238043 -1.021652
 -1.050700 -1.628014 -1.874873 -1.201930
 -1.522096 -1.540445 -1.486378 -1.075082
 -1.413693 -1.665007 -1.308333 -1.213023
 -1.386294 -1.624705 -1.586964 -1.054161
 -1.362578 -1.532476 -1.427116 -1.244795
 -1.772189 -1.621366 -1.472946 -0.908417
 -14.297939 -14.297939 -14.297939 -0.000002
 -14.187077 -14.187077 -14.187077 -0.000002
 -14.375129 -14.375129 -14.375129 -0.000002
 -14.731803 -14.731803 -14.731803 -0.000001
 -1.386294 -1.386294 -1.386294 -1.386294
 -1.386294 -1.386294 -1.386294 -1.386294
 -1.386294 -1.386294 -1.386294 -1.386294
 -1.149043 -1.046705 -1.102719 -15.806122
 -14.657080 -14.657080 -14.657080 -0.000001
 -14.759418 -14.759418 -14.759418 -0.000001
 -14.703403 -14.703403 -14.703403 -0.000001
 -1.386294 -1.386294 -1.386294 -1.386294
 -1.386294 -1.386294 -1.386294 -1.386294
 -1.386294 -1.386294 -1.386294 -1.386294
 -1.386294 -1.386294 -1.386294 -1.386294
 -0.000000 -15.806122 -15.806122 -15.806122
 -15.806122 -15.806122 -0.000000 -15.806122
 -1.386294 -1.386294 -1.386294 -1.386294
 -1.386294 -1.386294 -1.386294 -1.386294
 -1.386294 -1.386294 -1.386294 -1.386294
 -1.386294 -1.386294 -1.386294 -1.386294
 -1.386294 -1.386294 -1.386294 -1.386294
 -1.115142 -1.791759 -1.980659 -1.001069
 -1.386294 -1.386294 -1.386294 -1.386294
 -1.098613 -1.742969 -1.420196 -1.386294
 -0.953875 -2.164960 -2.095968 -0.975381
 -0.853922 -2.217220 -2.050167 -1.088761
 -1.483837 -1.587378 -1.375204 -1.152061
 -1.193923 -1.453434 -1.530394 -1.399366
 -1.338285 -1.759497 -1.508184 -1.066352
 -1.230290 -1.669656 -1.399366 -1.299283
 -1.702528 -1.609437 -1.373049 -1.009382
