 -1.041454 0.000100 0.000100 0.000100
 -1.271028 0.000100 0.000100 0.000100
 -2.140065 0.000100 0.000100 0.000100
 -1.390829 0.000100 0.000100 0.000100
 -0.693148 -1.914360 -2.105414 -1.466337
 -0.849991 -1.729238 -2.422380 -1.182696
 -0.454741 -2.005327 -2.564932 -1.871797
 -1.116962 -1.333185 -1.992427 -1.299283
 -0.755024 -1.584745 -2.465100 -1.427116
 -0.633252 -2.197218 -3.008135 -1.175574
 -0.490628 -1.812374 -3.198631 -1.694593
 -1.252764 -1.317302 -1.627455 -1.386294
 -14.503647 -1.166171 -1.285972 -0.886586
 -13.687682 -1.219241 -1.432814 -0.763767
 -13.017012 -0.810934 -1.321756 -1.241714
 -13.910825 -0.939282 -1.756040 -0.829281
 -1.386294 -1.386294 -1.386294 -1.386294
 -1.046989 -4.324085 -0.754601 -1.798403
 -0.483176 -3.286513 -1.061912 -13.883173
 -2.123891 -3.135484 -0.245124 -2.912343
 -14.159103 -14.159103 -0.000002 -14.159103
 -11.849426 -11.849426 -0.000021 -11.849426
 -14.739771 -14.739771 -0.000001 -14.739771
 -12.765699 -12.765699 -0.000009 -12.765699
 -1.386294 -1.386294 -1.386294 -1.386294
 -1.386294 -1.386294 -1.386294 -1.386294
 -15.301651 -15.301651 -15.301651 -0.000001
 -1.386294 -1.386294 -1.386294 -1.386294
 -1.386294 -1.386294 -1.386294 -1.386294
 -1.386294 -1.386294 -1.386294 -1.386294
 -1.386294 -1.386294 -1.386294 -1.386294
 -15.301651 -2.220108 -0.530629 -1.193470
 -1.386294 -1.386294 -1.386294 -1.386294
 -0.780162 -2.079433 -2.079433 -1.232145
 -0.185404 -2.382625 -4.174364 -2.788088
 -1.091178 -1.530543 -1.806796 -1.260254
 -2.007859 -2.937391 -0.270169 -3.006384
 -1.438480 -2.978899 -0.611805 -1.774949
 -1.163153 -2.772551 -0.693154 -2.079429
 -2.427737 -2.610055 -0.212179 -3.526316
 -1.580449 -2.833194 -1.386294 -0.723003
 -1.832572 -1.427116 -1.832572 -0.820987
 -1.590804 -2.268682 -2.931973 -0.447072
 -2.014891 -1.203975 -1.791753 -0.916296
 -1.421386 -1.470176 -2.386459 -0.828324
 -0.955514 -1.871797 -3.951151 -0.815753
 -0.870832 -1.815285 -3.761109 -0.927990
 -1.590389 -1.326575 -1.923094 -0.955512
 -1.134981 -1.192139 -2.320598 -1.284512
 -1.060873 -1.811176 -2.447159 -0.906723
 -1.037990 -1.673974 -2.772563 -0.926765
 -2.409191 -1.174451 -1.962906 -0.775065
 -1.475906 -1.395864 -1.945907 -0.965082
 -1.056054 -1.749198 -2.347031 -0.960744
 -0.980832 -1.791755 -2.772563 -0.926765
 -1.330414 -1.227230 -2.268680 -1.081519
 -1.214445 -1.519825 -1.907589 -1.090831
 -0.892762 -1.395864 -2.574510 -1.321756
 -1.077561 -1.547561 -2.751510 -0.959779
 -1.686398 -1.424035 -1.996552 -0.824918
 -1.180626 -1.848453 -2.279233 -0.836855
 -0.921158 -1.638996 -2.555279 -1.108369
 -1.060874 -2.341793 -2.005327 -0.860204
 -1.548813 -1.464256 -1.817076 -0.932040
 -1.189579 0.000100 0.000100 0.000100
 -1.637300 0.000100 0.000100 0.000100
 -1.576128 0.000100 0.000100 0.000100
 -1.222911 0.000100 0.000100 0.000100
 -1.157101 -1.676455 -1.573849 -1.233327
 -1.022408 -1.897784 -1.794752 -1.126385
 -1.060542 -1.853927 -1.727650 -1.141281
 -1.668398 -1.566447 -1.373543 -1.051375
 -1.251826 -1.792532 -1.505264 -1.122328
 -1.173197 -1.992939 -1.764411 -0.959611
 -1.171591 -1.982584 -1.842058 -0.931600
 -1.778306 -1.594495 -1.353263 -0.995147
 -18.887930 -1.249447 -1.228676 -0.865938
 -18.453535 -1.295516 -1.336647 -0.768909
 -18.690327 -1.405959 -1.167360 -0.812650
 -19.234140 -1.372252 -1.284585 -0.755663
 -1.386294 -1.386294 -1.386294 -1.386294
 -0.880035 -2.146023 -2.153908 -1.043405
 -0.844008 -1.979689 -2.294876 -1.105243
 -1.834402 -1.567921 -1.466194 -0.913768
 -19.054237 -19.054237 0.000000 -19.054237
 -18.437832 -18.437832 0.000000 -18.437832
 -18.432610 -18.432610 0.000000 -18.432610
 -19.245119 -19.245119 0.000000 -19.245119
 -1.386294 -1.386294 -1.386294 -1.386294
 -1.386294 -1.386294 -1.386294 -1.386294
 -20.244293 -20.244293 -20.244293 0.000000
 -1.386294 -1.386294 -1.386294 -1.386294
 -1.386294 -1.386294 -1.386294 -1.386294
 -1.386294 -1.386294 -1.386294 -1.386294
 -1.386294 -1.386294 -1.386294 -1.386294
 -20.244293 -1.324597 -1.237495 -0.811976
 -1.386294 -1.386294 -1.386294 -1.386294
 -1.146999 -1.614368 -1.626954 -1.248734
 -1.132399 -1.795774 -1.434050 -1.296819
 -1.760086 -1.593422 -1.432013 -0.952143
 -1.092726 -1.787389 -1.598265 -1.220594
 -0.915236 -1.905878 -1.908151 -1.195569
 -1.026529 -1.799884 -1.796028 -1.169646
 -1.571454 -1.523649 -1.468545 -1.066876
 -1.185864 -1.889937 -1.414968 -1.202297
 -1.098522 -1.736158 -1.854451 -1.096908
 -1.139539 -1.906512 -1.804820 -1.002579
 -1.712389 -1.648771 -1.363416 -0.990222
 -1.166246 -1.819502 -1.503930 -1.190385
 -1.038705 -1.903702 -1.724823 -1.142981
 -1.133389 -1.872549 -1.569213 -1.151635
 -1.691049 -1.674780 -1.395263 -0.966121
 -1.121092 -1.850045 -1.537056 -1.197881
 -1.012473 -1.919346 -1.807079 -1.121334
 -1.009645 -1.859289 -1.721655 -1.200319
 -1.613297 -1.633806 -1.417493 -1.012625
 -1.098125 -1.833218 -1.524260 -1.241938
 -0.985617 -1.891271 -1.819944 -1.158756
 -1.008225 -1.860364 -1.681545 -1.226110
 -1.616638 -1.592998 -1.402557 -1.043691
 -1.174384 -1.743495 -1.477548 -1.245191
 -1.032916 -1.851139 -1.775065 -1.147271
 -1.049866 -1.865891 -1.609974 -1.219546
 -1.659948 -1.596439 -1.350117 -1.055482
 -1.175761 -1.709406 -1.548560 -1.211034
 -1.019507 -1.846621 -1.812951 -1.144805
 -1.105328 -1.799135 -1.606895 -1.194199
 -1.707120 -1.583612 -1.392753 -1.007887
