 -1.033336 0.000100 0.000100 0.000100
 -1.479920 0.000100 0.000100 0.000100
 -2.067706 0.000100 0.000100 0.000100
 -1.237700 0.000100 0.000100 0.000100
 -0.885951 -1.501710 -1.950659 -1.501710
 -0.862225 -1.439539 -2.507373 -1.349927
 -0.533301 -1.752536 -2.708035 -1.752536
 -1.215669 -1.036621 -2.011998 -1.536576
 -0.891497 -1.094437 -1.715263 -2.586088
 -0.611599 -1.392852 -1.811561 -3.084516
 -0.596524 -1.143065 -2.154658 -4.234012
 -1.327454 -0.771929 -1.586964 -2.685569
 -0.000001 -14.747676 -14.747676 -14.747676
 -0.000002 -14.513647 -14.513647 -14.513647
 -0.000003 -13.845074 -13.845074 -13.845074
 -0.000009 -12.765699 -12.765699 -12.765699
 -1.086877 -4.439270 -0.458269 -3.987291
 -1.386294 -1.386294 -1.386294 -1.386294
 -1.386294 -1.386294 -1.386294 -1.386294
 -1.386294 -1.386294 -1.386294 -1.386294
 -14.508659 -14.508659 -0.000002 -14.508659
 -11.156307 -11.156307 -0.000043 -11.156307
 -15.137267 -15.137267 -0.000001 -15.137267
 -11.608273 -11.608273 -0.000027 -11.608273
 -1.386294 -1.386294 -1.386294 -1.386294
 -1.386294 -1.386294 -1.386294 -1.386294
 -15.595535 -15.595535 -15.595535 -0.000001
 -1.386294 -1.386294 -1.386294 -1.386294
 -1.386294 -1.386294 -1.386294 -1.386294
 -1.386294 -1.386294 -1.386294 -1.386294
 -1.386294 -1.386294 -1.386294 -1.386294
 -15.595535 -1.367915 -0.786773 -1.237700
 -1.386294 -1.386294 -1.386294 -1.386294
 -0.673476 -1.649983 -2.021545 -1.798403
 -0.561470 -1.487548 -2.379544 -2.197223
 -1.483933 -1.158511 -1.433922 -1.509908
 -0.770109 -1.573070 -14.808764 -1.109786
 -0.550974 -1.925289 -14.180157 -1.280934
 -0.562530 -2.151757 -13.664692 -1.158511
 -1.760009 -1.066865 -13.742944 -0.725939
 -1.109663 -1.825281 -2.054122 -0.965081
 -1.041455 -1.834683 -3.392807 -0.790141
 -1.386294 -1.386294 -1.386294 -1.386294
 -1.776943 -1.614425 -1.614425 -0.837398
 -1.123004 -1.501070 -2.547033 -0.984854
 -0.945851 -1.744356 -3.025275 -0.945851
 -1.479076 -1.536234 -2.577677 -0.731864
 -1.917738 -1.144550 -2.133960 -0.876286
 -1.190550 -1.386294 -2.432258 -1.026921
 -1.249436 -1.643339 -2.612734 -0.805944
 -1.025855 -2.024375 -2.360842 -0.879252
 -1.597117 -1.145133 -2.230839 -0.989129
 -1.042524 -1.466337 -1.958812 -1.288656
 -1.297063 -1.139435 -2.708043 -1.078810
 -0.871842 -2.061416 -1.927886 -1.174121
 -1.476445 -1.198242 -2.311241 -0.992391
 -1.122143 -1.713506 -1.851656 -1.087052
 -0.861898 -1.785566 -2.191030 -1.210204
 -1.252764 -1.370546 -2.351365 -1.007643
 -1.594324 -1.412003 -2.510611 -0.750605
 -1.060873 -1.353859 -2.431414 -1.178655
 -0.912202 -2.031430 -2.501429 -0.953875
 -0.985819 -1.902103 -3.511501 -0.803498
 -1.765090 -1.413693 -1.847328 -0.848801
 -1.136797 0.000100 0.000100 0.000100
 -1.767125 0.000100 0.000100 0.000100
 -1.653068 0.000100 0.000100 0.000100
 -1.149264 0.000100 0.000100 0.000100
 -1.211127 -1.641690 -1.447174 -1.297361
 -1.006117 -1.917624 -1.891927 -1.088779
 -1.096056 -1.788352 -1.680444 -1.163834
 -1.770169 -1.431105 -1.288628 -1.155174
 -1.070787 -1.625951 -1.154193 -1.929471
 -0.957916 -1.537007 -1.416054 -1.841276
 -1.071069 -1.806930 -1.279090 -1.537535
 -1.683972 -1.434799 -1.097362 -1.416954
 0.000000 -17.833874 -17.833874 -17.833874
 0.000000 -17.446760 -17.446760 -17.446760
 0.000000 -17.819384 -17.819384 -17.819384
 0.000000 -17.383915 -17.383915 -17.383915
 -1.163979 -1.642881 -1.779313 -1.122139
 -1.386294 -1.386294 -1.386294 -1.386294
 -1.386294 -1.386294 -1.386294 -1.386294
 -1.386294 -1.386294 -1.386294 -1.386294
 -17.864510 -17.864510 0.000000 -17.864510
 -17.385607 -17.385607 -0.000000 -17.385607
 -17.249176 -17.249176 -0.000000 -17.249176
 -17.906349 -17.906349 0.000000 -17.906349
 -1.386294 -1.386294 -1.386294 -1.386294
 -1.386294 -1.386294 -1.386294 -1.386294
 -19.028488 -19.028488 -19.028488 0.000000
 -1.386294 -1.386294 -1.386294 -1.386294
 -1.386294 -1.386294 -1.386294 -1.386294
 -1.386294 -1.386294 -1.386294 -1.386294
 -1.386294 -1.386294 -1.386294 -1.386294
 -19.028488 -1.260388 -1.043525 -1.009928
 -1.386294 -1.386294 -1.386294 -1.386294
 -1.061662 -1.688745 -1.471858 -1.427661
 -1.118758 -1.715004 -1.393120 -1.406282
 -1.660660 -1.472586 -1.331181 -1.150465
 -0.935274 -1.354594 -17.763866 -1.051339
 -0.752816 -1.689025 -17.415560 -1.066352
 -0.775235 -1.632244 -17.637171 -1.067363
 -1.296526 -1.210932 -17.717686 -0.847231
 -1.120748 -1.892098 -1.505186 -1.199871
 -0.998170 -1.841349 -1.810185 -1.173704
 -1.386294 -1.386294 -1.386294 -1.386294
 -1.733616 -1.546425 -1.378784 -1.025931
 -1.151712 -1.746878 -1.535358 -1.223466
 -0.993314 -1.896293 -1.658383 -1.241045
 -1.128126 -1.788038 -1.632826 -1.159330
 -1.715470 -1.623646 -1.356185 -1.007035
 -1.038701 -1.882923 -1.548621 -1.267977
 -1.008974 -1.857971 -1.809558 -1.152989
 -0.963352 -1.908554 -1.712439 -1.239017
 -1.724126 -1.531540 -1.430746 -1.004198
 -1.065834 -1.805033 -1.508184 -1.310152
 -0.929157 -1.897541 -1.903877 -1.183560
 -1.009879 -1.755316 -1.746156 -1.243264
 -1.614959 -1.559436 -1.398063 -1.067778
 -1.122343 -1.692226 -1.473656 -1.342132
 -0.957469 -1.986134 -1.663437 -1.239858
 -1.004927 -1.851269 -1.572826 -1.311436
 -1.664803 -1.557830 -1.272068 -1.139659
 -1.086643 -1.756098 -1.578296 -1.260159
 -0.987371 -1.890621 -1.740527 -1.200515
 -0.978340 -1.788028 -1.823568 -1.219672
 -1.684191 -1.579036 -1.423566 -1.001364
