 -1.129675 0.000100 0.000100 0.000100
 -1.516791 0.000100 0.000100 0.000100
 -1.913206 0.000100 0.000100 0.000100
 -1.171698 0.000100 0.000100 0.000100
 -1.188997 -1.731861 -2.274183 -0.877942
 -0.978812 -1.810107 -2.466883 -0.978812
 -1.126012 -1.377326 -2.512298 -1.071945
 -1.600890 -1.340165 -1.519213 -1.146974
 -1.261938 -0.856473 -1.497251 -2.681017
 -0.547117 -1.457986 -1.850027 -3.459449
 -0.587789 -1.039773 -2.397888 -13.805464
 -1.556328 -0.640038 -1.505897 -3.218868
 -0.000001 -14.797590 -14.797590 -14.797590
 -0.000001 -14.946914 -14.946914 -14.946914
 -0.000002 -14.180157 -14.180157 -14.180157
 -0.000010 -12.644341 -12.644341 -12.644341
 -0.000000 -15.833077 -15.833077 -15.833077
 -1.386294 -1.386294 -1.386294 -1.386294
 -1.386294 -1.386294 -1.386294 -1.386294
 -1.386294 -1.386294 -1.386294 -1.386294
 -15.833077 -15.833077 -0.000000 -15.833077
 -1.386294 -1.386294 -1.386294 -1.386294
 -1.386294 -1.386294 -1.386294 -1.386294
 -1.386294 -1.386294 -1.386294 -1.386294
 -1.386294 -1.386294 -1.386294 -1.386294
 -1.386294 -1.386294 -1.386294 -1.386294
 -15.833077 -15.833077 -15.833077 -0.000000
 -1.386294 -1.386294 -1.386294 -1.386294
 -1.386294 -1.386294 -1.386294 -1.386294
 -1.386294 -1.386294 -1.386294 -1.386294
 -1.386294 -1.386294 -1.386294 -1.386294
 -0.000000 -15.833077 -15.833077 -15.833077
 -0.000000 -15.833077 -15.833077 -15.833077
 -1.386294 -1.386294 -1.386294 -1.386294
 -1.386294 -1.386294 -1.386294 -1.386294
 -1.386294 -1.386294 -1.386294 -1.386294
 -1.043007 -2.048025 -1.002336 -1.886538
 -1.386294 -1.386294 -1.386294 -1.386294
 -1.386294 -1.386294 -1.386294 -1.386294
 -1.386294 -1.386294 -1.386294 -1.386294
 -1.235925 -1.068871 -2.024380 -1.452595
 -1.048352 -1.140725 -2.089800 -1.578978
 -1.087802 -1.386294 -2.324562 -1.154493
 -1.440361 -1.403994 -1.209838 -1.517322
 -1.111685 -0.953782 -2.446682 -1.613776
 -0.773952 -1.346020 -2.991169 -1.477049
 -1.098613 -1.216396 -2.197220 -1.349927
 -1.630271 -1.173514 -1.578978 -1.242507
 -1.071106 -1.181648 -2.229614 -1.414579
 -0.736073 -1.483286 -2.907315 -1.429219
 -1.017645 -1.474401 -2.020941 -1.283347
 -1.408767 -1.203973 -1.897119 -1.185624
 -1.269323 -1.256419 -1.975541 -1.218679
 -0.796332 -1.426300 -2.610065 -1.446919
 -1.137834 -1.360977 -2.410789 -1.098614
 -1.589235 -0.871396 -2.233589 -1.307823
 -1.151256 -1.360977 -2.197222 -1.151256
 -0.967814 -1.541901 -2.868767 -1.051696
 -0.897943 -1.504077 -2.448530 -1.258955
 -1.754018 -1.147884 -1.599868 -1.178655
 -1.031361 -1.749199 -2.260023 -1.007263
 -0.918886 -1.434049 -2.777777 -1.202248
 -1.110042 -1.532897 -2.397887 -1.011602
 -1.656155 -1.280105 -1.988288 -0.930921
 -1.024148 0.000100 0.000100 0.000100
 -1.986627 0.000100 0.000100 0.000100
 -1.611935 0.000100 0.000100 0.000100
 -1.189940 0.000100 0.000100 0.000100
 -1.386294 -1.791758 -1.280934 -1.185624
 -0.871842 -2.215564 -2.215564 -1.011603
 -1.246533 -1.548812 -1.437587 -1.337505
 -1.712977 -1.508184 -1.277661 -1.140460
 -1.312187 -1.648657 -0.955513 -1.871800
 -0.838331 -1.308333 -2.001475 -1.819155
 -1.193923 -2.110209 -1.550597 -1.011602
 -1.386294 -1.236763 -1.419084 -1.524444
 -0.000002 -14.006134 -14.006134 -14.006134
 -0.000003 -13.687682 -13.687682 -13.687682
 -0.000003 -13.825465 -13.825465 -13.825465
 -0.000003 -13.721204 -13.721204 -13.721204
 -0.000001 -15.204303 -15.204303 -15.204303
 -1.386294 -1.386294 -1.386294 -1.386294
 -1.386294 -1.386294 -1.386294 -1.386294
 -1.386294 -1.386294 -1.386294 -1.386294
 -15.204303 -15.204303 -0.000001 -15.204303
 -1.386294 -1.386294 -1.386294 -1.386294
 -1.386294 -1.386294 -1.386294 -1.386294
 -1.386294 -1.386294 -1.386294 -1.386294
 -1.386294 -1.386294 -1.386294 -1.386294
 -1.386294 -1.386294 -1.386294 -1.386294
 -15.204303 -15.204303 -15.204303 -0.000001
 -1.386294 -1.386294 -1.386294 -1.386294
 -1.386294 -1.386294 -1.386294 -1.386294
 -1.386294 -1.386294 -1.386294 -1.386294
 -1.386294 -1.386294 -1.386294 -1.386294
 -0.000001 -15.204303 -15.204303 -15.204303
 -0.000001 -15.204303 -15.204303 -15.204303
 -1.386294 -1.386294 -1.386294 -1.386294
 -1.386294 -1.386294 -1.386294 -1.386294
 -1.386294 -1.386294 -1.386294 -1.386294
 -0.881974 -1.599512 -1.950909 -1.419250
 -1.386294 -1.386294 -1.386294 -1.386294
 -1.386294 -1.386294 -1.386294 -1.386294
 -1.386294 -1.386294 -1.386294 -1.386294
 -1.199965 -1.853890 -1.261840 -1.350788
 -0.993253 -2.315000 -1.349927 -1.303407
 -0.998531 -1.558143 -1.963604 -1.270463
 -1.741496 -1.630271 -1.173514 -1.140725
 -0.838860 -1.774951 -1.726161 -1.512588
 -0.996335 -1.535329 -1.871798 -1.341174
 -0.902240 -1.618916 -1.890848 -1.405342
 -1.722765 -1.422662 -1.192139 -1.284512
 -0.832910 -1.931519 -1.791758 -1.371906
 -0.851373 -1.841767 -1.921809 -1.315677
 -0.810932 -1.829497 -1.258955 -2.197218
 -1.897117 -1.272966 -1.347074 -1.171184
 -1.013316 -1.725509 -1.549619 -1.400088
 -0.902870 -1.308333 -2.224617 -1.531476
 -0.875471 -1.945907 -2.032917 -1.172721
 -1.578978 -1.483668 -1.242507 -1.278875
 -1.143065 -1.708377 -1.559957 -1.238375
 -0.798510 -1.897117 -1.984127 -1.337505
 -1.265667 -1.466337 -1.648657 -1.221215
 -1.763587 -1.219974 -1.518466 -1.157454
 -1.386294 -1.568615 -1.651997 -1.049823
 -1.020362 -2.056448 -1.458615 -1.276294
 -0.922723 -1.584119 -1.871799 -1.412270
 -1.429969 -1.543298 -1.817733 -0.955513
