 -1.023522 0.000100 0.000100 0.000100
 -1.607910 0.000100 0.000100 0.000100
 -1.877937 0.000100 0.000100 0.000100
 -1.246665 0.000100 0.000100 0.000100
 -0.959776 -1.508342 -2.415060 -1.182920
 -0.764325 -2.310243 -2.236136 -1.113998
 -0.891600 -1.386294 -2.659250 -1.309334
 -1.978344 -1.211091 -1.802454 -0.918955
 -0.930148 -0.918588 -1.858134 -2.986593
 -0.589159 -1.176945 -2.093232 -4.290412
 -0.706943 -0.889264 -2.344540 -13.500805
 -1.190243 -0.670368 -1.883389 -3.433975
 -0.000001 -14.805053 -14.805053 -14.805053
 -0.000001 -14.819814 -14.819814 -14.819814
 -0.000003 -13.732133 -13.732133 -13.732133
 -0.000015 -12.206093 -12.206093 -12.206093
 -0.000001 -15.693448 -15.693448 -15.693448
 -1.386294 -1.386294 -1.386294 -1.386294
 -1.386294 -1.386294 -1.386294 -1.386294
 -1.386294 -1.386294 -1.386294 -1.386294
 -15.693448 -15.693448 -0.000000 -15.693448
 -1.386294 -1.386294 -1.386294 -1.386294
 -1.386294 -1.386294 -1.386294 -1.386294
 -1.386294 -1.386294 -1.386294 -1.386294
 -1.386294 -1.386294 -1.386294 -1.386294
 -1.386294 -1.386294 -1.386294 -1.386294
 -15.693448 -15.693448 -15.693448 -0.000000
 -1.386294 -1.386294 -1.386294 -1.386294
 -1.386294 -1.386294 -1.386294 -1.386294
 -1.386294 -1.386294 -1.386294 -1.386294
 -1.386294 -1.386294 -1.386294 -1.386294
 -0.000001 -15.693448 -15.693448 -15.693448
 -15.693448 -0.428668 -2.165618 -1.452669
 -1.386294 -1.386294 -1.386294 -1.386294
 -1.386294 -1.386294 -1.386294 -1.386294
 -1.386294 -1.386294 -1.386294 -1.386294
 -1.386294 -1.386294 -1.386294 -1.386294
 -1.017487 -2.293238 -1.030559 -1.710634
 -1.226446 -1.678429 -1.427116 -1.272966
 -1.392852 -2.034703 -0.936094 -1.475090
 -1.322925 -1.048488 -1.964777 -1.414732
 -1.252764 -1.635754 -1.704746 -1.085710
 -1.653889 -1.609437 -2.953166 -0.586050
 -1.671472 -1.176778 -1.489151 -1.279431
 -1.008229 -1.168571 -2.432258 -1.441864
 -0.733500 -1.592630 -2.468095 -1.462577
 -1.158511 -1.458615 -3.761155 -0.843431
 -1.398717 -1.216396 -1.485728 -1.467710
 -1.038509 -1.261652 -2.424799 -1.293401
 -0.802347 -1.791758 -2.163320 -1.308908
 -0.779092 -1.957741 -1.877699 -1.398129
 -1.728700 -1.159607 -1.633391 -1.159607
 -0.947614 -1.314076 -2.429214 -1.364507
 -1.037244 -1.324926 -2.983144 -1.111352
 -1.196252 -1.681757 -2.374898 -0.870830
 -1.913648 -1.004794 -1.842189 -1.115142
 -1.034709 -1.371181 -2.510611 -1.172330
 -0.977252 -1.375599 -2.827844 -1.165304
 -1.284016 -1.776489 -3.075748 -0.677883
 -1.638996 -1.357584 -2.494659 -0.763529
 -0.970780 -1.356441 -3.091033 -1.145133
 -0.861898 -1.615668 -2.373350 -1.252763
 -0.959779 -1.652920 -2.240698 -1.142099
 -1.706766 -1.222970 -2.079440 -0.918309
 -1.150192 0.000100 0.000100 0.000100
 -1.797209 0.000100 0.000100 0.000100
 -1.413844 0.000100 0.000100 0.000100
 -1.292963 0.000100 0.000100 0.000100
 -1.340165 -1.549066 -1.590309 -1.133551
 -1.102719 -2.031431 -2.129871 -0.872196
 -1.153145 -1.675840 -1.403196 -1.380723
 -1.724748 -1.524078 -1.328586 -1.081434
 -1.242507 -1.233618 -1.181882 -2.176815
 -0.893818 -1.466337 -1.436484 -2.100642
 -0.905379 -1.638056 -1.531084 -1.687653
 -1.556580 -1.296503 -1.181268 -1.566530
 -0.000001 -15.339392 -15.339392 -15.339392
 -0.000001 -15.129235 -15.129235 -15.129235
 -0.000001 -15.209278 -15.209278 -15.209278
 -0.000001 -14.682612 -14.682612 -14.682612
 -0.000000 -16.504719 -16.504719 -16.504719
 -1.386294 -1.386294 -1.386294 -1.386294
 -1.386294 -1.386294 -1.386294 -1.386294
 -1.386294 -1.386294 -1.386294 -1.386294
 -16.504719 -16.504719 -0.000000 -16.504719
 -1.386294 -1.386294 -1.386294 -1.386294
 -1.386294 -1.386294 -1.386294 -1.386294
 -1.386294 -1.386294 -1.386294 -1.386294
 -1.386294 -1.386294 -1.386294 -1.386294
 -1.386294 -1.386294 -1.386294 -1.386294
 -16.504719 -16.504719 -16.504719 -0.000000
 -1.386294 -1.386294 -1.386294 -1.386294
 -1.386294 -1.386294 -1.386294 -1.386294
 -1.386294 -1.386294 -1.386294 -1.386294
 -1.386294 -1.386294 -1.386294 -1.386294
 -0.000000 -16.504719 -16.504719 -16.504719
 -16.504719 -0.856626 -1.416642 -1.099972
 -1.386294 -1.386294 -1.386294 -1.386294
 -1.386294 -1.386294 -1.386294 -1.386294
 -1.386294 -1.386294 -1.386294 -1.386294
 -1.386294 -1.386294 -1.386294 -1.386294
 -1.095418 -2.133686 -2.018910 -0.880924
 -0.873790 -1.965712 -1.985914 -1.186388
 -1.876917 -1.458207 -1.599285 -0.886138
 -0.905952 -1.836631 -1.676288 -1.388606
 -1.195605 -1.734600 -1.643629 -1.115562
 -1.098613 -1.753538 -1.635755 -1.208311
 -1.328357 -1.868299 -1.119890 -1.368903
 -1.033416 -1.756595 -1.335001 -1.568195
 -1.010556 -1.812901 -1.451112 -1.433412
 -1.052220 -1.753398 -1.536727 -1.337238
 -1.584745 -1.597015 -1.203973 -1.229291
 -0.990233 -1.833661 -1.446379 -1.455596
 -0.960829 -1.862376 -1.515506 -1.417066
 -0.847298 -1.874450 -1.840549 -1.349927
 -1.601297 -1.498642 -1.177974 -1.320395
 -0.969758 -1.789796 -1.607475 -1.372636
 -1.019475 -1.533930 -2.014902 -1.237199
 -1.101558 -1.639291 -1.803593 -1.174985
 -1.645403 -1.590595 -1.263692 -1.137399
 -1.056853 -1.781154 -1.468471 -1.371479
 -0.965526 -2.083005 -1.631021 -1.207538
 -0.894569 -1.952689 -1.720067 -1.308333
 -1.635598 -1.565803 -1.419710 -1.037160
 -1.104962 -1.536234 -1.661397 -1.332893
 -0.990399 -1.512274 -2.004749 -1.296566
 -0.953007 -1.776206 -1.794899 -1.276555
 -1.703596 -1.428654 -1.285553 -1.197847
