scaffold_3	7558	7622	2	2	1	2	0	48
scaffold_3	14321	14370	1	1	1	5	0	62
scaffold_3	14457	14501	1	1	1	4	0	58
scaffold_3	21759	21809	1	1	1	5	0	46
scaffold_3	41346	41388	1	1	1	2	0	35
scaffold_3	140698	140748	1	1	1	1	0	72
scaffold_3	153604	153651	1	1	1	16	1	54
scaffold_3	153722	153774	1	1	1	24	1	71
scaffold_3	169968	170010	2	2	1	1	0	32
scaffold_3	233102	233158	2	2	1	11	0	63
scaffold_3	233296	233341	2	2	0	3	0	67
scaffold_3	324699	324746	2	2	1	3	0	71
scaffold_3	395570	395621	1	1	1	263	2	73
scaffold_3	395732	395777	1	1	1	160	2	56
scaffold_3	437125	437174	2	2	1	2	0	61
scaffold_3	465435	465479	1	1	1	1	0	41
scaffold_3	465535	465574	1	1	1	1	0	54
scaffold_3	537896	537940	2	2	1	1	0	48
scaffold_3	537993	538036	2	2	1	1	0	50
scaffold_3	549043	549108	1	1	1	375	11	53
scaffold_3	549212	549271	1	1	1	887	19	75
scaffold_3	549212	549276	1	1	1	5	0	71
scaffold_3	549370	549425	1	1	1	310	6	74
scaffold_3	597859	597904	2	2	1	3	0	67
scaffold_3	607095	607148	2	2	1	2	0	46
scaffold_3	619199	619362	1	1	1	132	4	61
scaffold_3	619199	619370	1	1	1	2	0	40
scaffold_3	619995	620044	1	1	1	59	0	68
scaffold_3	633853	633905	2	2	1	36	1	68
scaffold_3	653047	653098	2	2	1	1	0	28
scaffold_3	667254	667309	1	1	1	11	0	46
scaffold_3	684896	684946	1	1	1	1	0	73
scaffold_3	698063	698116	1	1	1	9	1	71
scaffold_3	811988	812030	1	1	1	7	0	65
scaffold_3	822251	822299	2	2	1	3	0	51
scaffold_3	822404	822456	2	2	1	1	0	75
scaffold_3	822740	822801	2	2	1	1	0	35
scaffold_3	825150	825211	1	1	1	1	0	32
scaffold_3	825252	825385	1	1	1	1	0	36
scaffold_3	825654	825702	1	1	1	1	0	43
scaffold_3	976784	976839	1	1	1	1	0	14
scaffold_3	1007217	1007270	2	2	1	1	0	48
scaffold_3	1018008	1018052	1	1	1	25	1	22
scaffold_3	1123737	1123891	2	2	1	3	0	60
scaffold_6	986	1041	1	1	1	1	0	47
scaffold_6	4270	4316	2	2	1	212	3	71
scaffold_6	71875	71921	2	2	1	0	1	43
scaffold_6	71875	75830	2	2	1	0	1	43
scaffold_6	72144	72199	2	2	1	0	1	49
scaffold_6	72144	76108	2	2	1	0	1	49
scaffold_6	76053	76108	2	2	1	0	1	49
scaffold_6	79350	81340	2	2	1	1	0	14
scaffold_6	79523	79567	1	1	1	1	0	29
scaffold_6	82666	82712	1	1	1	6	0	32
scaffold_6	83075	83116	1	1	1	9	0	43
scaffold_6	99475	99518	2	2	1	11	4	63
scaffold_6	114424	116381	0	0	1	431	48	56
scaffold_6	151755	159657	1	1	1	15	2	12
scaffold_6	159716	162463	1	1	1	210	167	69
scaffold_6	159716	164699	1	1	1	4	0	54
scaffold_6	301252	301301	2	2	1	1	0	52
scaffold_6	344686	344730	2	2	1	2	0	32
scaffold_6	344888	344935	2	2	1	2	0	51
scaffold_6	409352	409437	2	2	1	0	14	43
scaffold_6	409546	409604	2	2	1	0	7	73
scaffold_6	410201	410249	2	2	1	0	2	50
scaffold_6	425404	425458	2	2	1	32	0	59
scaffold_6	427623	427673	1	1	1	25	0	67
scaffold_6	477606	478108	1	1	1	61	8	70
scaffold_6	520735	520790	1	1	1	0	6	56
scaffold_6	545680	545730	2	2	1	1	0	53
scaffold_6	545924	545983	2	2	1	1	0	25
scaffold_6	549975	550033	2	2	1	29	0	73
scaffold_6	620689	620778	1	1	1	4	0	48
scaffold_6	620961	621026	1	1	1	4	0	64
scaffold_6	621126	621185	1	1	1	2	0	34
scaffold_6	719142	719185	2	2	1	339	0	71
scaffold_6	767256	767299	2	2	1	2	0	48
scaffold_6	767353	767393	2	2	1	2	0	53
scaffold_6	777934	777990	1	1	1	16	0	68
scaffold_6	840580	840621	2	2	1	1	0	38
scaffold_6	876236	876285	2	4	1	2	0	61
scaffold_6	946516	946588	2	2	1	168	0	75
scaffold_6	968915	968941	1	1	1	1	0	14
scaffold_6	969686	969737	1	1	1	1	0	43
scaffold_6	980653	980704	1	1	1	1	0	15
scaffold_6	980781	980826	1	1	1	1	0	59
scaffold_6	986368	986418	2	2	1	26	0	72
scaffold_6	1011276	1011328	1	1	1	0	1	51
scaffold_9	164178	164234	1	1	1	1	0	58
scaffold_9	211559	211606	1	1	1	5	0	47
scaffold_9	231778	231829	2	2	1	2	0	62
scaffold_9	243643	243711	2	2	1	15	0	29
scaffold_9	243853	243895	2	2	1	15	0	14
scaffold_9	319680	319731	2	2	1	1	0	50
scaffold_9	326484	326537	2	2	1	1	0	71
scaffold_9	340177	340230	1	1	1	1	0	55
scaffold_9	342258	342305	1	3	1	1	0	44
scaffold_9	344318	344370	1	3	1	1	0	35
scaffold_9	356835	356881	1	1	1	1	0	42
scaffold_9	560463	560504	2	2	1	1	0	20
scaffold_9	599255	599317	1	1	1	16	0	65
scaffold_9	599486	599537	1	1	1	15	0	66
scaffold_9	781968	782010	1	1	1	2	0	25
scaffold_9	782095	782141	1	1	1	2	0	41
scaffold_9	782271	782316	1	1	1	2	0	54
scaffold_9	788392	788561	2	2	1	4	0	50
scaffold_9	803648	803701	1	1	1	14	0	46
scaffold_9	803781	803836	1	1	1	16	0	63
scaffold_9	895523	895567	1	1	1	179	5	75
scaffold_9	895655	895702	1	1	1	125	4	33
scaffold_9	895766	895828	1	1	1	36	3	59
scaffold_9	926984	927028	2	2	1	1	0	54
scaffold_9	927179	927235	2	2	1	1	0	38
scaffold_9	937746	937791	1	1	1	58	3	71
scaffold_9	937906	937958	1	1	1	80	3	73
scaffold_9	954411	954513	2	2	1	1	0	53
scaffold_12	17378	17429	1	1	1	12	1	61
scaffold_12	57977	58023	1	1	1	1	0	24
scaffold_12	58319	58378	1	1	1	1	0	73
scaffold_12	90471	90517	1	1	1	1	0	36
scaffold_12	120215	120264	1	1	1	1	0	32
scaffold_12	177951	178003	2	2	1	12	1	57
scaffold_12	239406	239449	1	1	1	1	0	33
scaffold_12	239483	239525	1	1	1	1	0	33
scaffold_12	302013	302060	2	2	1	1	0	34
scaffold_12	343337	343389	2	2	1	4	0	44
scaffold_12	343454	343502	2	2	1	3	0	54
scaffold_12	343587	343633	2	2	1	1	0	41
scaffold_12	387818	387870	1	1	1	1	0	41
scaffold_12	443006	443061	2	2	1	37	0	57
scaffold_12	443131	443175	2	2	1	53	2	57
scaffold_12	443233	443276	2	2	1	65	4	58
scaffold_12	461967	462004	2	2	1	20	1	70
scaffold_12	477188	477241	2	2	1	1	0	61
scaffold_12	503763	503814	2	2	1	2	0	58
scaffold_12	515116	515270	2	2	1	2	0	36
scaffold_12	559336	559383	2	2	1	4	0	63
scaffold_12	597019	597059	2	2	1	1	0	53
scaffold_12	664418	664470	1	1	1	37	0	44
scaffold_12	664515	664563	1	1	1	48	0	46
scaffold_12	664673	664723	1	1	1	33	0	48
scaffold_12	669742	669811	2	2	1	1	0	22
scaffold_12	671588	671631	2	2	1	2	0	69
scaffold_12	714080	714126	1	1	1	14	0	72
scaffold_12	714254	714306	1	1	1	9	0	54
scaffold_12	714454	714505	1	1	1	2	0	66
scaffold_12	748417	748469	1	1	1	3	0	48
scaffold_12	763527	763568	1	1	1	26	0	70
scaffold_12	821525	821668	2	2	1	2	0	38
scaffold_12	901308	901360	1	1	1	21	1	51
scaffold_15	17615	17670	2	2	1	507	12	58
scaffold_15	17781	17828	2	2	1	635	14	73
scaffold_15	17961	18320	2	2	1	69	2	68
scaffold_15	18440	18490	2	2	1	15	0	72
scaffold_15	32436	32479	1	1	1	1	0	44
scaffold_15	108732	108783	2	2	1	1	0	74
scaffold_15	108889	108945	2	2	1	1	0	36
scaffold_15	115607	115658	2	2	1	2	0	26
scaffold_15	115749	115798	2	2	1	4	0	73
scaffold_15	115907	115958	2	2	1	4	0	55
scaffold_15	116064	116120	2	2	1	2	0	36
scaffold_15	117706	117747	2	2	1	1	0	55
scaffold_15	122090	122134	2	2	1	1	0	47
scaffold_15	122399	122448	2	2	1	1	0	47
scaffold_15	435997	436045	2	2	1	14	0	22
scaffold_15	436163	436204	2	2	1	20	0	37
scaffold_15	436494	436547	2	2	1	39	0	60
scaffold_15	455900	455942	1	1	1	2	0	63
scaffold_15	456020	456067	1	1	1	1	0	13
scaffold_15	483640	483687	2	2	1	7	0	46
scaffold_15	518782	519155	1	1	1	1	0	49
scaffold_15	519431	519479	1	1	1	10	1	56
scaffold_15	520210	520258	1	1	1	37	4	43
scaffold_15	545588	545634	1	1	1	1	0	35
scaffold_15	545980	546029	1	1	1	1	0	52
scaffold_15	546281	546326	1	1	1	1	0	20
scaffold_15	578507	578553	2	2	1	11	0	65
scaffold_15	604540	604595	2	2	1	1	0	50
scaffold_15	608494	608551	1	1	1	1	0	52
scaffold_15	608645	608689	1	1	1	37	0	59
scaffold_15	642131	642202	2	2	1	1	0	14
scaffold_15	644772	644837	2	2	1	1	0	54
scaffold_15	647481	647523	1	1	1	2	0	68
scaffold_15	660609	660656	1	1	1	2	0	57
scaffold_15	660912	660965	1	1	1	1	0	21
scaffold_15	661051	661098	1	1	1	1	0	44
scaffold_15	700004	700065	2	2	1	10	0	71
scaffold_15	730879	730940	2	2	1	1	0	73
scaffold_15	802728	802771	1	1	1	1	0	21
scaffold_15	802867	802920	1	1	1	1	0	24
scaffold_15	812055	812096	1	1	1	45	1	62
scaffold_15	812159	812206	1	1	1	153	1	62
scaffold_15	812710	812753	1	1	1	39	1	75
scaffold_15	819270	819318	2	2	1	1	0	58
scaffold_18	6633	6688	1	1	1	42	1	75
scaffold_18	11596	11642	1	1	1	1	0	20
scaffold_18	26487	26540	1	1	1	7	0	75
scaffold_18	39500	39549	1	1	1	3	0	40
scaffold_18	52074	52132	1	1	1	1	0	70
scaffold_18	154515	154554	2	2	1	2	0	48
scaffold_18	184456	184510	2	2	1	84	0	71
scaffold_18	187513	187563	2	2	1	1	0	29
scaffold_18	187893	187944	2	2	1	1	0	45
scaffold_18	188034	188083	2	2	1	1	0	16
scaffold_18	213550	213591	2	2	1	20	0	69
scaffold_18	243253	243301	1	1	1	1	0	56
scaffold_18	318487	318530	2	2	1	1	0	16
scaffold_18	318603	318645	2	2	1	1	0	71
scaffold_18	388396	388461	2	2	1	1	0	17
scaffold_18	388615	388673	2	2	1	1	0	23
scaffold_18	408445	408500	2	2	1	29	2	74
scaffold_18	422164	422228	2	2	1	401	17	75
scaffold_18	423010	423054	2	2	1	74	0	42
scaffold_18	443384	443428	2	2	1	1	0	61
scaffold_18	443695	443752	2	2	1	1	0	74
scaffold_18	498908	498962	2	2	1	1	0	61
scaffold_18	516166	516215	2	2	1	1	0	55
scaffold_18	557069	557146	2	2	1	22	0	56
scaffold_18	595832	595882	1	1	1	1	0	43
scaffold_18	596195	596258	1	1	1	1	0	18
scaffold_18	662533	662574	2	2	1	1	0	53
scaffold_18	670131	670428	2	4	1	1	0	17
scaffold_18	687046	687095	1	1	1	1	0	27
scaffold_18	718375	718419	2	2	1	2	0	43
scaffold_18	718711	719099	2	2	1	21	1	75
scaffold_18	741962	742013	1	1	1	82	0	29
scaffold_18	742095	742137	1	1	1	139	2	70
scaffold_18	742257	742312	1	1	1	14	0	21
scaffold_18	742481	742526	1	1	1	24	0	46
scaffold_21	115521	115564	2	2	1	4	0	38
scaffold_21	115603	115654	2	2	1	4	0	38
scaffold_21	283995	284041	2	2	1	1	0	69
scaffold_21	332522	332573	1	1	1	2	0	41
scaffold_21	332649	332686	1	1	1	12	0	71
scaffold_21	376392	376440	1	1	1	1	0	69
scaffold_21	403676	403732	1	1	1	27	0	63
scaffold_21	403903	403938	1	1	1	5	0	63
scaffold_21	404011	404060	1	1	1	13	0	63
scaffold_21	494152	494202	1	1	1	1	0	48
scaffold_21	494277	494327	1	1	1	1	0	28
scaffold_21	564586	564636	1	1	1	17	0	55
scaffold_21	609814	609870	2	2	1	43	0	68
scaffold_21	653106	653155	1	1	1	7	0	68
scaffold_21	691106	691160	1	1	1	1	0	48
scaffold_21	728851	728900	1	1	1	8	0	42
scaffold_21	730855	730902	2	2	1	9	0	55
scaffold_24	39613	39720	2	2	1	6	0	63
scaffold_24	44747	44796	2	2	1	1	0	72
scaffold_24	64053	64104	2	2	1	1	0	31
scaffold_24	64324	64370	2	2	1	1	0	25
scaffold_24	64396	64452	2	2	1	1	0	25
scaffold_24	92695	92760	1	1	1	1	0	62
scaffold_24	113036	113115	1	1	1	14	9	66
scaffold_24	113219	113256	1	1	1	18	0	66
scaffold_24	131071	131126	1	1	1	1	0	73
scaffold_24	151337	151378	1	1	1	1	0	48
scaffold_24	168487	168537	2	2	1	1	0	17
scaffold_24	275606	275651	1	1	1	3	0	32
scaffold_24	300275	300318	1	1	1	1	0	68
scaffold_24	313911	313951	1	1	1	123	0	69
scaffold_24	314039	314091	1	1	1	155	1	75
scaffold_24	314172	314213	1	1	1	22	1	53
scaffold_24	356361	356406	2	2	1	1	0	37
scaffold_24	430282	430332	1	1	1	1	0	61
scaffold_24	430634	430681	1	1	1	1	0	33
scaffold_24	458727	458772	2	2	1	79	0	63
scaffold_24	458880	458925	2	2	0	1	0	42
scaffold_24	502007	502090	1	1	1	23	0	39
scaffold_24	502459	502514	1	1	1	21	0	60
scaffold_27	244698	244761	1	1	1	13	0	48
scaffold_27	250579	250629	1	1	1	151	0	74
scaffold_27	362907	362949	2	2	1	1	0	67
scaffold_30	42996	43046	1	1	1	5	0	18
scaffold_30	43065	43091	1	1	1	2	0	18
scaffold_30	52987	53035	1	1	1	64	1	64
scaffold_30	53102	53150	1	1	1	68	1	66
scaffold_30	53779	53819	1	1	1	1	0	13
scaffold_30	62591	62642	2	2	1	1	0	51
scaffold_30	62694	62735	2	2	1	1	0	33
scaffold_30	62791	62845	2	2	1	1	0	50
scaffold_30	62896	62953	2	2	1	1	0	45
scaffold_30	64680	64727	2	2	1	1	0	55
scaffold_30	64842	64893	2	2	1	1	0	57
scaffold_30	118247	118287	1	1	1	2	0	59
scaffold_30	127614	127660	1	1	1	27	1	57
scaffold_30	127718	127766	1	1	1	24	1	57
scaffold_30	127995	128042	1	1	1	13	0	47
scaffold_30	135273	136096	1	1	1	1	0	61
scaffold_30	148401	148445	2	2	1	7	0	69
scaffold_30	171852	171905	1	1	1	2	0	33
scaffold_30	172208	172263	1	1	1	3	0	50
scaffold_30	175109	175166	1	1	1	87	4	71
scaffold_33	27804	27862	2	2	1	54	13	51
scaffold_33	81690	81930	1	1	1	1	0	23
scaffold_33	102437	105929	2	2	1	1	0	13
scaffold_39	219	268	2	2	1	1	0	51
scaffold_39	22417	22465	1	1	1	345	4	74
scaffold_54	10593	10643	2	2	1	145	0	73
scaffold_54	10806	11051	2	2	1	8	0	47
scaffold_123	6443	6493	2	2	1	1	0	39
scaffold_171	2477	2631	2	2	1	1	0	13
scaffold_2	14800	14851	1	1	1	10	0	51
scaffold_2	15047	15099	1	1	1	1	0	60
scaffold_2	25701	25746	2	2	1	7	0	71
scaffold_2	25928	25973	2	2	1	4	0	20
scaffold_2	168556	168602	1	1	1	1	0	49
scaffold_2	186362	186410	1	1	1	70	0	65
scaffold_2	186479	186526	1	1	1	11	0	71
scaffold_2	189885	189936	1	1	1	1	0	66
scaffold_2	195624	195672	1	1	1	1	0	74
scaffold_2	195792	195842	1	1	1	1	0	44
scaffold_2	198831	198880	2	2	1	8	0	42
scaffold_2	198973	199021	2	2	1	17	0	61
scaffold_2	199201	199260	2	2	1	78	1	74
scaffold_2	199343	199386	2	2	1	40	1	59
scaffold_2	203301	203366	2	2	1	26	0	73
scaffold_2	349277	349326	2	2	1	70	0	71
scaffold_2	369971	370026	1	1	1	203	4	73
scaffold_2	410415	410939	2	2	1	6	0	48
scaffold_2	411913	411962	2	2	1	23	3	65
scaffold_2	461008	461062	2	2	1	27	1	70
scaffold_2	461434	461497	2	2	1	0	1	43
scaffold_2	461440	461497	2	2	1	12	2	70
scaffold_2	470558	470614	2	2	1	7	0	73
scaffold_2	499534	499580	1	1	1	288	0	69
scaffold_2	557605	557655	2	2	1	84	0	21
scaffold_2	557800	557854	2	2	1	395	4	74
scaffold_2	558191	558230	2	2	1	70	3	52
scaffold_2	558283	558338	2	2	1	184	8	55
scaffold_2	632030	632074	2	2	1	18	5	34
scaffold_2	632510	632633	2	2	1	3	0	25
scaffold_2	660973	661016	2	2	1	1	0	27
scaffold_2	675482	675536	1	1	1	146	0	71
scaffold_2	681426	681475	1	1	1	10	0	42
scaffold_2	681551	681599	1	1	1	10	0	47
scaffold_2	850449	850492	2	2	1	2	0	63
scaffold_2	850575	850625	2	2	1	22	0	69
scaffold_2	863033	863076	1	1	1	2	0	60
scaffold_2	863962	864010	2	2	1	23	0	67
scaffold_2	864431	864473	2	2	1	19	0	67
scaffold_2	867263	867537	2	2	1	77	6	61
scaffold_2	867599	867664	2	2	1	24	0	48
scaffold_2	882833	882873	1	1	1	17	0	53
scaffold_2	882949	883002	1	1	1	26	0	57
scaffold_2	926466	926514	1	1	1	3	1	55
scaffold_2	926572	926615	1	1	1	2	1	57
scaffold_2	945003	945226	1	1	1	8	6	48
scaffold_2	994662	994693	2	2	1	5	0	58
scaffold_2	1085379	1085420	1	1	1	1	0	15
scaffold_2	1142004	1142056	1	1	1	1	0	61
scaffold_5	8966	9018	1	1	1	1	0	53
scaffold_5	24457	24535	1	1	1	4	0	67
scaffold_5	32575	32849	1	1	1	1	0	19
scaffold_5	33014	33074	1	1	1	1	1	19
scaffold_5	57450	57497	2	2	1	1	0	61
scaffold_5	63771	64318	1	1	1	8	8	75
scaffold_5	84614	84662	2	2	1	1	0	63
scaffold_5	103662	103702	1	1	1	1	0	57
scaffold_5	107312	107353	2	2	1	50	0	44
scaffold_5	107474	107518	2	2	1	163	4	73
scaffold_5	107603	107651	2	2	1	113	3	49
scaffold_5	107701	107759	2	2	1	22	1	16
scaffold_5	135672	135717	2	2	1	28	0	70
scaffold_5	227813	227860	2	2	1	7	0	61
scaffold_5	228013	228063	2	2	1	11	0	66
scaffold_5	228133	228182	2	2	1	3	0	69
scaffold_5	229481	229535	2	2	1	6	0	68
scaffold_5	229729	229774	2	2	1	10	0	53
scaffold_5	229852	229901	2	2	1	5	0	68
scaffold_5	240556	240605	1	1	1	44	3	73
scaffold_5	240720	240764	1	1	1	6	0	74
scaffold_5	365123	365173	1	1	1	1	0	55
scaffold_5	365235	365292	1	1	1	1	0	34
scaffold_5	391646	391710	2	2	1	12	0	70
scaffold_5	391965	392017	2	2	1	163	4	72
scaffold_5	429699	429739	2	2	1	1	0	37
scaffold_5	454136	454179	2	2	1	20	0	73
scaffold_5	454143	454179	2	2	1	2	0	74
scaffold_5	486669	486714	1	1	1	2	0	57
scaffold_5	510870	510916	1	1	1	42	2	41
scaffold_5	538615	538675	1	1	1	1	1	36
scaffold_5	538615	538871	1	1	1	0	1	38
scaffold_5	538615	538927	1	1	1	19	0	68
scaffold_5	548658	548704	2	2	1	2	0	68
scaffold_5	550458	550517	2	2	1	1	0	15
scaffold_5	553834	553883	2	2	1	1	0	52
scaffold_5	587378	587442	2	2	1	1	0	62
scaffold_5	591167	591208	1	1	1	1	0	74
scaffold_5	591703	591815	1	1	1	2	0	67
scaffold_5	595212	595255	2	2	1	7	0	47
scaffold_5	595373	595413	2	2	1	7	0	45
scaffold_5	625709	625762	1	1	1	2	0	66
scaffold_5	645472	645534	2	2	1	17	0	71
scaffold_5	697649	697715	2	2	1	605	30	72
scaffold_5	697965	698017	2	2	1	29	0	37
scaffold_5	698069	698176	2	2	1	278	0	75
scaffold_5	698598	698659	2	2	1	34	0	59
scaffold_5	705326	705386	2	2	1	982	18	74
scaffold_5	705468	705524	2	2	1	4	0	54
scaffold_5	705683	705737	2	2	1	924	13	71
scaffold_5	745612	745656	1	1	1	21	2	66
scaffold_5	761858	761903	1	1	1	7	0	69
scaffold_5	812081	812157	1	1	1	146	1	24
scaffold_5	812339	812391	1	1	1	10	0	52
scaffold_5	856227	856270	2	2	1	1	0	60
scaffold_5	875546	875599	2	2	1	1	0	45
scaffold_5	925583	925635	1	1	1	16	0	68
scaffold_5	945041	945087	1	1	1	4	0	72
scaffold_5	945343	945383	1	1	1	21	0	65
scaffold_5	991811	991852	1	1	1	167	1	74
scaffold_5	995597	995649	1	1	1	3	0	28
scaffold_5	1004798	1004854	2	2	1	1	0	30
scaffold_5	1016628	1016673	1	1	1	42	1	51
scaffold_5	1016725	1016779	1	1	1	62	1	52
scaffold_8	50358	50403	2	2	1	2	0	53
scaffold_8	63528	63574	2	2	1	23	2	73
scaffold_8	75122	75163	1	1	1	5	0	74
scaffold_8	75426	75468	1	1	0	1	0	26
scaffold_8	75543	75587	1	1	1	1	0	57
scaffold_8	89510	89552	1	1	1	5	0	33
scaffold_8	99884	99937	2	2	1	148	1	68
scaffold_8	100127	100173	2	2	1	193	2	72
scaffold_8	107264	107310	2	2	1	7	0	52
scaffold_8	142827	142905	1	1	1	1	0	51
scaffold_8	143614	143661	1	1	1	3	0	61
scaffold_8	191983	192028	1	1	1	20	0	57
scaffold_8	204066	204117	2	2	1	1	0	39
scaffold_8	210659	210710	1	1	1	1	0	13
scaffold_8	210849	210898	1	1	1	1	0	21
scaffold_8	221540	221628	1	1	1	1	0	72
scaffold_8	221721	221763	1	1	1	1	0	46
scaffold_8	243240	243281	1	1	1	7	0	51
scaffold_8	243480	243532	1	1	1	87	2	70
scaffold_8	256571	256618	2	2	1	19	0	58
scaffold_8	265043	265094	2	2	1	1	0	30
scaffold_8	274444	274502	2	2	1	1	0	43
scaffold_8	279217	279261	1	1	1	1	0	60
scaffold_8	346479	346566	1	1	1	6	0	64
scaffold_8	368872	368926	1	1	1	1	0	45
scaffold_8	369038	369087	1	1	1	2	0	53
scaffold_8	482659	482733	1	1	1	39	10	70
scaffold_8	482837	482874	1	1	1	20	2	66
scaffold_8	591057	591135	1	1	1	55	0	73
scaffold_8	591209	591287	1	1	1	1	0	31
scaffold_8	591415	591470	1	1	1	2	0	26
scaffold_8	592696	592745	1	1	1	9	0	61
scaffold_8	592920	592966	1	1	1	1	0	56
scaffold_8	596666	596713	2	2	1	103	0	71
scaffold_8	623857	623903	1	1	1	1	0	52
scaffold_8	732225	732270	2	2	1	1	0	37
scaffold_8	748551	748619	2	2	1	4	1	59
scaffold_8	752563	752725	2	2	1	2	0	34
scaffold_8	755386	756823	1	1	1	1	0	36
scaffold_8	830348	830390	2	2	1	1	0	73
scaffold_8	887028	887076	2	2	1	416	31	74
scaffold_8	887201	887574	2	2	1	3	0	17
scaffold_8	887409	887453	2	2	1	526	12	50
scaffold_8	887502	887574	2	2	1	404	10	48
scaffold_8	887623	887665	2	2	1	481	22	55
scaffold_8	887739	887798	2	2	1	842	21	46
scaffold_8	947275	947318	1	1	1	1	0	53
scaffold_8	975724	975780	1	1	1	6	0	63
scaffold_8	975844	975886	1	1	1	6	0	63
scaffold_11	3334	3385	1	1	1	5	0	68
scaffold_11	10135	10186	1	1	1	1	0	66
scaffold_11	100004	100051	1	1	1	1	0	65
scaffold_11	115146	115201	2	2	1	2	0	52
scaffold_11	270905	270955	2	2	1	66	0	49
scaffold_11	383728	383940	1	1	1	25	0	47
scaffold_11	420382	420429	2	2	1	1	0	70
scaffold_11	428167	428227	1	1	0	1	0	45
scaffold_11	428299	428342	1	1	1	85	1	46
scaffold_11	428388	428442	1	1	1	85	1	45
scaffold_11	428605	428657	1	1	1	76	1	66
scaffold_11	456619	456658	2	2	1	2	0	65
scaffold_11	496504	496552	1	1	1	1	0	73
scaffold_11	496883	496941	1	1	1	1	0	66
scaffold_11	497135	497182	1	1	1	4	0	45
scaffold_11	510719	510763	2	2	1	1	0	61
scaffold_11	529632	529692	1	1	1	43	0	75
scaffold_11	529835	529882	1	1	1	47	0	64
scaffold_11	542310	542356	1	1	1	53	0	72
scaffold_11	559896	559958	2	2	1	1	0	49
scaffold_11	579577	579631	1	1	1	2	0	68
scaffold_11	623103	623156	1	1	1	8	0	51
scaffold_11	625100	625136	2	2	1	1	0	14
scaffold_11	625943	625992	1	1	1	1	0	64
scaffold_11	626417	626466	1	1	1	4	0	64
scaffold_11	664175	664215	2	2	1	1	0	12
scaffold_11	671400	671446	1	1	1	4	1	57
scaffold_11	671561	671604	1	1	1	21	1	74
scaffold_11	767688	767744	1	1	1	2	0	28
scaffold_11	782882	783184	2	2	1	2	0	74
scaffold_11	783133	783184	2	2	1	2	0	29
scaffold_11	783311	783366	2	2	1	4	0	73
scaffold_11	819206	819260	1	1	1	26	0	67
scaffold_11	819360	819401	1	1	1	130	0	74
scaffold_11	819651	819722	1	1	1	405	1	74
scaffold_11	903854	903910	2	2	1	94	5	74
scaffold_11	903998	904050	2	2	1	32	0	57
scaffold_11	913763	913813	1	1	1	2	0	54
scaffold_14	4204	4248	1	1	1	15	0	45
scaffold_14	4511	4554	1	1	1	2	0	33
scaffold_14	5549	5591	1	1	1	30	1	70
scaffold_14	5724	5768	1	1	1	33	0	67
scaffold_14	6027	6075	1	1	1	81	1	74
scaffold_14	6300	6345	1	1	1	110	0	73
scaffold_14	6454	6505	1	1	1	83	0	67
scaffold_14	6855	6896	1	1	1	41	1	63
scaffold_14	7065	7143	1	1	1	44	1	75
scaffold_14	7102	7143	1	1	1	2	0	65
scaffold_14	7243	7438	1	1	1	2	0	54
scaffold_14	14518	14572	2	2	1	1	0	53
scaffold_14	14639	14691	2	2	1	1	0	63
scaffold_14	15060	15111	2	2	1	1	0	48
scaffold_14	15257	15303	2	2	1	1	0	74
scaffold_14	29897	29950	1	1	1	29	1	51
scaffold_14	30121	30169	1	1	1	33	0	69
scaffold_14	33608	33665	2	2	1	18	0	68
scaffold_14	444345	444388	1	1	1	3	0	58
scaffold_14	499894	499957	1	1	1	170	0	71
scaffold_14	500027	500069	1	1	1	99	0	69
scaffold_14	500157	500262	1	1	1	24	0	63
scaffold_14	576738	576804	2	2	1	1	0	49
scaffold_14	591105	591154	2	2	1	3	0	36
scaffold_14	630921	630963	1	1	1	21	0	56
scaffold_14	631067	631136	1	1	1	47	0	49
scaffold_14	640265	640321	2	2	1	8	0	45
scaffold_14	640706	640749	2	2	1	1	0	21
scaffold_14	647734	647777	1	1	1	20	0	57
scaffold_14	647894	647948	1	1	1	22	0	51
scaffold_14	672485	672545	2	2	1	13	0	62
scaffold_14	672675	672719	2	2	1	26	0	57
scaffold_14	677139	677186	2	2	1	1	0	57
scaffold_14	785434	785470	1	1	1	117	0	73
scaffold_14	785585	785631	1	1	1	76	0	74
scaffold_14	790499	790553	2	2	1	80	16	68
scaffold_14	790985	791036	2	2	1	39	6	73
scaffold_17	14892	14943	1	1	1	3	0	73
scaffold_17	84339	84383	1	1	1	1	0	14
scaffold_17	225564	225617	2	2	1	1	0	26
scaffold_17	270402	270445	1	1	1	14	0	57
scaffold_17	270402	270461	1	1	1	7	0	56
scaffold_17	270566	270618	1	1	1	30	1	73
scaffold_17	377327	377376	1	1	1	2	0	70
scaffold_17	609181	609233	1	1	1	211	5	65
scaffold_17	609183	609233	1	1	1	189	8	67
scaffold_17	614304	614356	1	1	1	1	0	75
scaffold_17	668781	668828	1	1	1	12	0	67
scaffold_17	668913	668954	1	1	1	11	0	67
scaffold_17	669032	669163	1	1	1	1	0	55
scaffold_17	692141	692205	2	2	1	1134	36	75
scaffold_17	692466	692520	2	2	1	1	0	29
scaffold_17	724645	724687	1	1	1	1	0	59
scaffold_17	753472	753521	1	1	1	15	0	64
scaffold_17	759735	759782	2	2	1	11	0	41
scaffold_17	759919	759967	2	2	1	1	0	33
scaffold_20	9065	9115	2	2	1	2	0	64
scaffold_20	16113	16169	1	1	1	6	0	44
scaffold_20	19191	19246	2	2	1	1	0	45
scaffold_20	61077	61121	1	1	1	2	0	13
scaffold_20	109644	109690	1	1	1	84	3	70
scaffold_20	125147	125194	1	1	1	7	0	62
scaffold_20	153886	153938	2	2	1	8	0	74
scaffold_20	154647	154696	2	2	1	7	0	56
scaffold_20	154822	154902	2	2	1	8	0	74
scaffold_20	249627	250082	1	1	1	4	3	21
scaffold_20	249718	250629	1	1	1	6092	1030	74
scaffold_20	249805	250488	1	1	1	1	0	40
scaffold_20	249855	250082	1	1	1	311	37	72
scaffold_20	250080	250535	0	0	1	2426	392	62
scaffold_20	250174	250629	1	1	1	218	39	49
scaffold_20	250402	250629	1	1	1	39	689	52
scaffold_20	250459	250687	2	2	1	2	0	69
scaffold_20	316637	316798	2	2	1	2	0	24
scaffold_20	353949	354056	1	1	1	58	0	73
scaffold_20	388720	388767	1	1	1	49	0	37
scaffold_20	388837	388907	1	1	1	49	0	60
scaffold_20	388837	389015	1	1	0	1	0	59
scaffold_20	389109	389156	1	1	1	234	0	75
scaffold_20	399376	399428	1	1	1	35	1	52
scaffold_20	417996	418038	2	2	1	1	0	74
scaffold_20	545603	545650	2	2	1	2	0	66
scaffold_20	602772	602830	2	2	1	1	0	33
scaffold_20	695715	695770	1	1	1	1	0	73
scaffold_20	695863	695912	1	1	1	1	0	57
scaffold_20	724718	724766	1	1	1	17	0	59
scaffold_20	724855	724899	1	1	1	24	0	71
scaffold_20	725207	725255	1	1	1	3	0	27
scaffold_20	736943	736984	1	1	1	9	0	65
scaffold_23	13794	13849	2	2	1	183	6	74
scaffold_23	13937	13994	2	2	1	73	4	75
scaffold_23	16013	16057	2	2	1	67	4	65
scaffold_23	17488	17552	2	2	1	1	0	42
scaffold_23	17596	17651	2	2	1	1	0	43
scaffold_23	37082	37124	1	1	1	3	1	14
scaffold_23	270966	271280	1	1	1	66	1	73
scaffold_23	276780	276820	2	2	1	1	0	50
scaffold_23	377836	377882	2	2	1	1	0	55
scaffold_23	377962	378008	2	2	1	1	0	68
scaffold_23	450335	450381	2	2	1	1	0	64
scaffold_23	471180	471226	2	2	1	4	0	75
scaffold_23	530262	530347	1	1	1	1	0	20
scaffold_23	530587	530647	1	1	1	1	0	14
scaffold_23	561025	561073	1	1	1	2	0	47
scaffold_23	576770	576824	2	2	1	1	0	30
scaffold_23	577756	577799	2	2	1	1	0	56
scaffold_23	579117	579166	2	2	1	6	0	40
scaffold_23	579223	579281	2	2	1	6	0	54
scaffold_23	579344	579409	2	2	1	2	0	56
scaffold_23	633496	633541	1	1	1	1	0	53
scaffold_26	23096	25627	2	2	1	3	0	12
scaffold_26	51572	51638	1	1	1	129	5	73
scaffold_26	51919	51977	1	1	1	717	33	74
scaffold_26	52077	52131	1	1	1	1338	55	74
scaffold_26	52077	52134	1	1	1	12	0	74
scaffold_26	52328	52392	1	1	1	249	4	72
scaffold_26	202023	207333	2	2	1	2	17	12
scaffold_26	209744	209784	1	1	1	24	2	69
scaffold_26	209890	209936	1	1	1	16	2	65
scaffold_26	272472	272529	1	1	1	1	0	23
scaffold_26	313192	313245	1	1	1	1	0	58
scaffold_26	313606	313656	1	1	1	1	0	70
scaffold_26	342980	343027	2	2	1	61	1	75
scaffold_26	343115	343165	2	2	1	62	1	54
scaffold_26	383415	383458	2	2	1	1	0	16
scaffold_26	384774	384830	2	2	1	1	0	44
scaffold_26	384971	385015	2	2	1	1	0	38
scaffold_26	418314	418355	2	2	1	3	0	54
scaffold_26	422235	422283	1	1	1	133	0	68
scaffold_26	422410	422469	1	1	1	1	0	46
scaffold_29	9738	10047	2	2	1	19	0	53
scaffold_29	10209	10266	2	2	1	61	16	60
scaffold_29	32153	32202	1	1	1	1	0	23
scaffold_29	32429	32481	1	1	1	1	0	72
scaffold_29	98457	98544	2	2	1	32	0	43
scaffold_29	135763	135833	1	1	1	1	0	67
scaffold_29	203798	203978	0	0	1	24	0	67
scaffold_32	5083	5122	1	1	1	1	0	47
scaffold_32	5222	7581	1	1	1	1	0	53
scaffold_32	18780	18828	1	1	0	1	0	53
scaffold_32	18989	19035	1	1	1	30	1	49
scaffold_32	19293	19568	1	1	1	53	4	65
scaffold_32	97300	97363	1	1	1	1	0	61
scaffold_32	172144	172195	1	1	1	18	0	49
scaffold_32	172999	173052	1	1	1	24	0	61
scaffold_32	185786	185839	2	2	1	1	0	50
scaffold_32	185970	186009	2	2	1	1	0	48
scaffold_35	7388	7433	2	2	1	23	0	72
scaffold_38	20356	20426	1	1	1	2	0	60
scaffold_41	3064	3119	2	2	1	0	6	56
scaffold_47	1419	5663	1	3	1	46	30	69
scaffold_47	1425	5670	1	1	1	0	2	52
scaffold_47	2016	8265	2	2	1	33	18	75
scaffold_47	2202	6472	1	1	1	7	2	33
scaffold_47	3266	8059	2	2	0	1	0	31
scaffold_47	5655	12083	2	2	1	1	0	40
scaffold_47	5670	12099	1	1	1	1	0	32
scaffold_47	5679	12936	2	2	1	1	1	12
scaffold_47	6218	8216	0	0	0	2	2	53
scaffold_47	6267	8265	2	2	1	34	20	69
scaffold_47	8100	14337	0	0	1	8	3	62
scaffold_47	8111	9955	0	0	1	4	3	39
scaffold_47	8710	8799	1	1	1	1	0	61
scaffold_47	11327	15654	1	1	1	3	1	67
scaffold_47	11409	15725	1	1	1	35	9	68
scaffold_53	3991	4295	2	2	1	2	0	61
scaffold_53	12090	12135	2	2	1	1	0	48
scaffold_131	1566	5372	1	1	1	1	0	14
scaffold_131	1885	2014	2	2	1	2	0	66
scaffold_131	1969	6631	1	1	1	1	0	30
scaffold_131	2048	2073	2	6	1	393	17	42
scaffold_131	2096	4440	2	2	1	15	159	13
scaffold_131	2111	2168	2	2	1	2	1	67
scaffold_131	2216	2545	1	1	1	1	0	34
scaffold_131	2374	4498	1	1	1	1	163	12
scaffold_131	2586	2612	1	1	1	67	6	13
scaffold_131	3199	4830	2	2	1	1	22	36
scaffold_131	4243	4289	1	1	1	2	0	66
scaffold_131	4269	4440	2	2	1	642	0	42
scaffold_131	4521	4541	2	2	1	146	4	74
scaffold_131	4669	4830	2	2	1	180	2	68
scaffold_131	4796	4840	2	2	1	988	0	53
scaffold_131	4925	6914	1	1	1	2	9	46
scaffold_131	4987	5186	1	1	1	17	2	68
scaffold_131	5189	5230	2	2	1	239	3	71
scaffold_131	5459	5632	2	2	1	2	2	47
scaffold_131	5617	5838	1	1	1	670	17	27
scaffold_131	5906	5932	1	1	1	1	0	39
scaffold_131	6063	6214	2	2	1	241	257	70
scaffold_131	6162	6403	1	1	1	1	0	55
scaffold_131	6644	6677	1	1	1	39	0	70
scaffold_131	6673	6707	1	1	1	1	1	48
scaffold_1	17167	17222	2	2	1	1	0	13
scaffold_1	17996	18051	2	2	1	1	0	35
scaffold_1	18152	18211	2	2	1	1	0	15
scaffold_1	32417	32462	1	1	1	1	0	45
scaffold_1	36884	36929	1	1	1	1	0	49
scaffold_1	36984	37030	1	1	1	1	0	47
scaffold_1	181215	181256	2	2	1	448	4	72
scaffold_1	225904	225941	2	2	1	1	0	44
scaffold_1	246850	246895	2	2	1	7	0	66
scaffold_1	293866	293927	2	2	1	8	0	66
scaffold_1	303663	303718	2	2	1	1	0	73
scaffold_1	456251	456304	2	2	1	3	0	72
scaffold_1	520874	520924	2	2	1	2	0	60
scaffold_1	522100	522150	2	2	0	1	0	42
scaffold_1	522264	522321	2	2	1	8	0	73
scaffold_1	683145	683191	2	2	1	61	4	47
scaffold_1	683369	683419	2	2	1	98	4	51
scaffold_1	684029	684083	2	2	1	4	0	55
scaffold_1	684267	684315	2	2	1	4	1	46
scaffold_1	695334	695377	2	2	1	11	0	73
scaffold_1	822678	822727	2	2	1	4	2	25
scaffold_1	838153	838197	1	1	1	22	4	65
scaffold_1	869439	869486	1	1	1	2	0	62
scaffold_1	884998	885055	1	1	1	5	0	58
scaffold_1	939047	939098	2	2	1	32	0	61
scaffold_1	939571	939682	2	2	1	10	0	53
scaffold_1	1012285	1012330	2	2	1	1	0	17
scaffold_1	1013180	1013222	2	2	1	1	0	61
scaffold_1	1029812	1029862	2	2	1	1	0	65
scaffold_1	1030245	1030338	2	2	1	1	0	47
scaffold_1	1030392	1030459	2	2	1	1	0	44
scaffold_1	1090826	1090919	2	2	1	6	0	69
scaffold_1	1120148	1120195	1	1	1	1	0	44
scaffold_1	1120280	1120325	1	1	1	1	0	22
scaffold_1	1120446	1120494	1	1	1	1	0	66
scaffold_1	1125645	1125688	2	2	1	1	0	48
scaffold_1	1125751	1125795	2	2	1	1	0	45
scaffold_1	1131149	1131190	2	2	1	3	0	42
scaffold_1	1131337	1131389	2	2	1	35	0	74
scaffold_1	1166868	1166922	1	1	1	1	0	59
scaffold_1	1171792	1171834	1	1	1	4	0	53
scaffold_1	1174850	1174901	1	1	1	2	0	58
scaffold_1	1178897	1178939	1	1	1	1	0	51
scaffold_1	1187947	1188303	1	1	1	6	8	74
scaffold_1	1204003	1204048	2	2	1	3	0	52
scaffold_4	15028	15174	2	2	1	5	0	68
scaffold_4	18538	18590	2	2	1	7	0	41
scaffold_4	18673	18721	2	2	1	7	0	68
scaffold_4	22009	30510	2	2	1	85	19	14
scaffold_4	22391	22455	2	2	1	7	0	44
scaffold_4	27260	27405	1	1	1	4	3	45
scaffold_4	27571	27615	1	1	1	83	3	72
scaffold_4	37152	37203	2	2	1	1	0	60
scaffold_4	100176	100216	2	2	1	8	2	63
scaffold_4	144885	144935	2	2	1	5	0	73
scaffold_4	224486	224533	1	1	1	5	1	70
scaffold_4	275958	276006	2	2	1	9	0	56
scaffold_4	385591	385667	2	2	1	5	0	58
scaffold_4	465470	465521	1	1	0	3	0	12
scaffold_4	465670	465718	1	1	1	18	1	72
scaffold_4	486952	487022	2	2	0	1	0	51
scaffold_4	487134	487177	2	2	1	11	0	53
scaffold_4	487343	487386	2	2	1	76	1	75
scaffold_4	488266	488317	1	1	1	27	0	57
scaffold_4	488405	488452	1	1	1	17	0	60
scaffold_4	748777	748822	2	2	1	6	0	57
scaffold_4	775828	775870	1	1	1	1	0	24
scaffold_4	815395	815456	2	2	1	1	0	36
scaffold_4	852821	852862	2	2	1	27	0	71
scaffold_4	853315	853373	2	2	1	37	4	67
scaffold_4	853466	853518	2	2	1	33	4	49
scaffold_4	873703	873751	2	2	1	6	0	39
scaffold_4	909908	910034	2	2	1	42	0	46
scaffold_4	922830	922870	2	2	1	15	0	72
scaffold_4	925589	925641	2	2	1	1	0	45
scaffold_4	925808	926034	2	2	1	1	0	53
scaffold_4	943927	943987	1	1	1	9	0	60
scaffold_4	1006613	1006657	2	2	1	1	0	26
scaffold_4	1043617	1043659	1	1	1	1	0	21
scaffold_4	1043715	1043759	1	1	1	1	0	12
scaffold_4	1088813	1088857	1	1	1	37	1	57
scaffold_4	1088915	1088963	1	1	1	37	1	57
scaffold_4	1089192	1089239	1	1	0	1	0	18
scaffold_4	1129474	1129519	1	1	1	28	0	73
scaffold_4	1130005	1130054	2	2	1	4	0	64
scaffold_4	1138385	1138429	1	1	1	6	0	45
scaffold_4	1138544	1138588	1	1	1	40	0	62
scaffold_4	1139533	1139575	2	2	1	20	0	69
scaffold_7	6852	6903	1	1	1	1	0	24
scaffold_7	7456	7517	1	1	1	136	0	66
scaffold_7	7456	7527	1	1	1	1	0	53
scaffold_7	7641	7709	1	1	1	161	0	72
scaffold_7	12258	12310	1	1	1	5	0	31
scaffold_7	12604	12645	1	1	1	8	0	55
scaffold_7	22104	22154	2	2	1	1	0	41
scaffold_7	33697	33738	2	2	1	1546	7	75
scaffold_7	33819	33937	2	2	1	112	5	60
scaffold_7	78817	78869	2	2	1	1	0	35
scaffold_7	78952	79010	2	2	1	1	0	50
scaffold_7	110574	110621	2	2	1	1	0	28
scaffold_7	157136	157184	1	1	1	1	0	66
scaffold_7	157273	157328	1	1	1	1	0	48
scaffold_7	158365	158421	1	1	1	1	0	35
scaffold_7	215488	215530	1	1	1	4	1	49
scaffold_7	216822	216861	2	2	1	1	0	29
scaffold_7	357789	357843	1	1	1	1	0	55
scaffold_7	387259	387305	1	1	1	1	0	58
scaffold_7	422627	422675	1	1	1	1	0	45
scaffold_7	422765	422817	1	1	1	1	0	16
scaffold_7	422921	422963	1	1	1	1	0	52
scaffold_7	426251	426296	1	1	1	1	0	71
scaffold_7	435530	435578	1	1	1	1	0	32
scaffold_7	449704	449767	1	1	1	46	0	73
scaffold_7	453833	453899	1	1	1	8	0	71
scaffold_7	476779	476834	1	1	1	8	0	25
scaffold_7	477019	477082	1	1	1	117	1	65
scaffold_7	489104	489149	2	2	1	20	0	41
scaffold_7	573607	573655	2	2	1	11	0	43
scaffold_7	573747	573801	2	2	1	23	0	64
scaffold_7	586196	586237	2	2	1	189	8	66
scaffold_7	586381	586422	2	2	1	650	9	74
scaffold_7	586546	586699	2	2	1	375	11	75
scaffold_7	618461	618509	2	2	0	2	0	39
scaffold_7	618623	618672	2	2	1	16	0	61
scaffold_7	618734	618776	2	2	1	16	0	30
scaffold_7	659063	659157	1	1	1	1	0	49
scaffold_7	659207	659258	1	1	1	1	0	41
scaffold_7	659322	659371	1	1	1	1	0	38
scaffold_7	659414	659592	1	1	1	1	0	42
scaffold_7	738778	738848	1	1	1	2	0	33
scaffold_7	782689	782734	2	2	1	7	0	60
scaffold_7	793303	793351	1	1	1	1	0	28
scaffold_7	822866	822914	1	1	1	2	0	38
scaffold_7	827042	827090	1	1	1	14	0	70
scaffold_7	892691	892744	2	2	1	1	0	57
scaffold_7	898679	898732	2	2	1	16	0	53
scaffold_7	899723	899839	1	1	1	98	2	71
scaffold_7	901433	903191	2	2	1	13	4	70
scaffold_7	940595	940644	1	1	1	1	0	56
scaffold_7	941176	941216	1	1	1	4	0	57
scaffold_7	989863	989915	2	2	1	15	0	72
scaffold_7	990830	991008	2	2	1	2	0	60
scaffold_7	991148	991194	2	2	1	15	0	43
scaffold_7	992516	992560	2	2	1	1	0	50
scaffold_10	58566	58635	1	1	1	9	0	27
scaffold_10	73143	73197	2	2	1	1	0	37
scaffold_10	219384	219428	2	2	1	1	0	69
scaffold_10	259718	259769	2	2	1	40	0	74
scaffold_10	260162	260210	2	2	1	44	0	73
scaffold_10	260162	261672	2	2	1	1	0	31
scaffold_10	315804	315856	1	1	1	1	0	14
scaffold_10	410855	410896	2	2	1	1	0	44
scaffold_10	411115	411165	2	2	1	2	0	53
scaffold_10	414784	414824	1	1	1	1	0	45
scaffold_10	467785	467829	1	1	1	1	0	15
scaffold_10	587384	587428	2	2	0	41	0	23
scaffold_10	587474	587516	2	2	1	136	0	46
scaffold_10	587588	587653	2	2	1	135	0	56
scaffold_10	634426	634471	2	2	1	1	0	21
scaffold_10	634590	634641	2	2	1	6	1	43
scaffold_10	634847	634895	2	2	1	6	1	63
scaffold_10	650243	650292	1	1	1	2	0	64
scaffold_10	679862	679904	1	1	1	11	3	40
scaffold_10	680004	680049	1	1	1	44	3	40
scaffold_10	680217	680279	1	1	1	490	21	75
scaffold_10	680342	685390	1	1	1	1	0	20
scaffold_10	680407	680452	1	1	1	222	12	70
scaffold_10	680559	680607	1	1	1	87	10	58
scaffold_10	680809	680867	1	1	1	20	0	68
scaffold_10	716946	716994	1	1	1	1	0	18
scaffold_10	742094	742134	1	1	1	1	0	74
scaffold_10	797617	797663	2	2	1	5	1	59
scaffold_10	809538	809657	2	2	1	8	0	59
scaffold_10	812678	812722	2	2	1	4	0	73
scaffold_10	828323	828372	1	1	1	37	2	35
scaffold_10	828472	828517	1	1	1	41	2	58
scaffold_10	896542	896592	2	2	1	1	0	54
scaffold_10	906511	906560	2	2	1	0	1	70
scaffold_10	906511	915629	2	2	1	0	1	70
scaffold_10	906660	906700	2	2	1	0	1	35
scaffold_10	906660	915769	2	2	1	0	1	35
scaffold_10	906800	906841	2	2	1	0	1	16
scaffold_10	906800	915910	2	2	1	0	1	16
scaffold_10	915580	915629	2	2	1	0	1	70
scaffold_10	915729	915769	2	2	1	0	1	35
scaffold_10	915869	915910	2	2	1	0	1	16
scaffold_13	20617	20670	1	1	1	1	0	27
scaffold_13	59131	59231	2	2	1	1	0	44
scaffold_13	63292	63338	1	1	1	2	0	32
scaffold_13	83368	83413	1	1	1	9	0	66
scaffold_13	152164	152213	1	1	1	6	0	42
scaffold_13	171953	171998	2	2	1	53	0	66
scaffold_13	255480	255531	2	2	1	1	0	64
scaffold_13	255714	255768	2	2	1	1	0	63
scaffold_13	256694	256741	2	2	1	2	0	36
scaffold_13	301111	301158	2	2	1	1	0	30
scaffold_13	308966	309027	2	2	1	93	2	52
scaffold_13	315967	316009	1	1	1	1	0	71
scaffold_13	340935	340989	2	2	1	29	1	74
scaffold_13	389345	389401	1	1	1	34	0	61
scaffold_13	389653	389824	1	1	1	7	0	23
scaffold_13	416248	416294	2	2	1	11	1	61
scaffold_13	432705	432747	1	1	1	24	0	65
scaffold_13	433920	433959	2	2	1	71	0	51
scaffold_13	434011	434051	2	2	1	71	0	51
scaffold_13	435049	435104	1	1	1	1	0	65
scaffold_13	435647	435709	1	1	1	9	0	42
scaffold_13	439545	439595	2	2	1	99	2	74
scaffold_13	440783	440833	1	1	1	291	0	69
scaffold_13	440903	440952	1	1	1	287	0	44
scaffold_13	459965	460018	1	1	1	1	0	28
scaffold_13	493791	493842	2	2	1	103	3	69
scaffold_13	516275	516322	1	1	1	1	0	19
scaffold_13	526089	526135	1	1	1	1	0	50
scaffold_13	529079	529132	2	2	1	1	0	52
scaffold_13	539009	539049	1	1	1	1	0	55
scaffold_13	577951	578010	1	1	1	38	0	24
scaffold_13	578072	578119	1	1	1	48	0	61
scaffold_13	578213	578266	1	1	1	223	6	72
scaffold_13	578357	578400	1	1	1	198	5	71
scaffold_13	586246	586295	1	1	1	2	0	47
scaffold_13	653825	658835	1	1	1	83	5	12
scaffold_13	657738	657798	1	1	1	1	0	67
scaffold_13	657870	657912	1	1	1	1	0	49
scaffold_13	657978	658046	1	1	1	1	0	36
scaffold_13	658788	658835	1	1	1	22	5	73
scaffold_13	663650	663700	2	2	1	1	0	66
scaffold_13	663654	663704	1	1	1	453	3	74
scaffold_13	693664	693714	2	2	1	2	0	36
scaffold_13	703679	703719	1	1	1	1	0	58
scaffold_13	732736	732790	1	1	1	2	0	43
scaffold_13	735181	735265	1	1	1	31	0	45
scaffold_13	792324	792367	2	2	1	1	0	19
scaffold_13	826941	826985	2	2	1	1	0	69
scaffold_16	94677	94716	1	1	1	1	0	29
scaffold_16	151544	151589	1	1	1	1	0	44
scaffold_16	185021	185068	2	2	1	1	0	35
scaffold_16	185343	185392	2	2	1	1	0	64
scaffold_16	192409	192452	2	2	1	1286	109	75
scaffold_16	212414	212460	1	1	1	14	1	48
scaffold_16	212532	212582	1	1	1	36	1	70
scaffold_16	212672	212727	1	1	1	17	0	70
scaffold_16	212840	212890	1	1	1	1	0	17
scaffold_16	241809	241864	1	1	1	5	0	69
scaffold_16	241978	242026	1	1	1	1	0	48
scaffold_16	364150	364339	2	2	1	10	0	48
scaffold_16	368452	368501	2	2	1	141	2	74
scaffold_16	369358	369409	2	2	1	5	0	47
scaffold_16	369684	369739	2	2	1	4	1	50
scaffold_16	422904	422949	1	1	1	2	0	38
scaffold_16	442179	442225	1	1	1	1	0	40
scaffold_16	444229	444274	1	1	1	2	0	52
scaffold_16	444384	444428	1	1	1	2	0	38
scaffold_16	476552	476604	1	1	1	1	0	38
scaffold_16	496505	496549	2	2	1	1	0	62
scaffold_16	560339	560376	2	2	1	1	0	44
scaffold_16	614625	614675	1	1	1	66	0	71
scaffold_16	614776	614822	1	1	1	5	0	30
scaffold_16	712786	712832	2	2	1	1	0	55
scaffold_16	731574	731622	1	1	1	3	1	28
scaffold_16	741661	741731	2	2	1	5	0	63
scaffold_16	751927	752242	2	2	1	5	0	69
scaffold_16	755883	755932	2	2	1	12	1	65
scaffold_16	756086	756137	2	2	1	3	0	51
scaffold_16	756310	756357	2	2	1	1	0	13
scaffold_16	756569	756612	2	2	1	2	0	13
scaffold_16	756958	757009	2	2	1	7	0	37
scaffold_16	757128	757170	2	2	1	3	0	51
scaffold_16	784761	784807	2	2	1	1	0	47
scaffold_19	9006	9070	2	2	1	19	0	59
scaffold_19	16871	16927	2	2	1	1	0	52
scaffold_19	163654	163915	1	1	1	120	3	73
scaffold_19	164048	164090	1	1	1	16	0	54
scaffold_19	218992	219041	1	1	1	259	6	72
scaffold_19	219252	219303	1	1	1	16	0	61
scaffold_19	237136	237182	2	2	1	7	0	69
scaffold_19	296553	302491	1	1	1	1	0	15
scaffold_19	331451	331491	1	1	1	3	0	42
scaffold_19	332665	332948	1	1	1	8	0	59
scaffold_19	355518	355574	1	1	1	4	0	64
scaffold_19	387918	387958	1	1	1	990	25	74
scaffold_19	388115	388165	1	1	1	20	0	74
scaffold_19	499055	499098	2	2	1	13	0	74
scaffold_19	570103	570154	1	1	1	8	0	51
scaffold_19	584729	584781	1	1	1	65	4	66
scaffold_19	584914	584963	1	1	1	131	0	74
scaffold_19	585038	585088	1	1	1	201	5	74
scaffold_19	614553	614598	2	2	1	16	0	64
scaffold_19	706719	707064	1	1	1	1	0	68
scaffold_19	750364	750416	1	1	1	23	0	71
scaffold_22	286651	286698	2	2	1	281	1	56
scaffold_22	286753	286797	2	2	1	268	1	55
scaffold_22	286873	286926	2	2	1	73	0	48
scaffold_22	369659	372778	2	2	1	1	0	13
scaffold_22	389082	389129	1	1	1	297	21	35
scaffold_22	389199	389276	1	1	1	630	40	69
scaffold_22	389478	389865	1	1	1	1352	16	75
scaffold_22	389478	389896	1	1	1	2	0	40
scaffold_22	396519	396710	2	2	1	73	1	67
scaffold_22	396900	396939	2	2	1	2	0	15
scaffold_22	437600	437648	2	2	1	698	10	71
scaffold_22	437740	437889	2	2	1	2	1	50
scaffold_22	447623	447676	1	1	1	1	0	24
scaffold_22	519695	519816	2	2	1	1	0	33
scaffold_22	600084	600136	2	2	1	1	0	19
scaffold_22	612111	612160	2	2	1	1	0	49
scaffold_22	623066	623119	2	2	1	1	0	53
scaffold_25	7270	7330	2	2	1	40	7	60
scaffold_25	20325	20376	2	2	1	1	0	70
scaffold_25	30220	30269	1	1	1	7	0	59
scaffold_25	33946	33998	1	1	1	113	2	73
scaffold_25	206141	206207	2	2	1	1	0	17
scaffold_25	224044	224225	1	1	1	92	6	74
scaffold_25	257793	257839	1	1	1	32	0	33
scaffold_25	275614	275663	1	1	1	1	0	42
scaffold_25	280352	280398	1	1	1	972	11	75
scaffold_25	280529	280583	1	1	1	1063	8	64
scaffold_25	280653	280702	1	1	1	27	0	63
scaffold_25	283210	283259	2	2	1	1	0	63
scaffold_25	283578	283674	2	2	1	88	2	53
scaffold_25	283728	284393	2	2	1	50	1	28
scaffold_25	329469	329519	2	2	1	14	1	56
scaffold_25	329577	329632	2	2	1	7	1	57
scaffold_25	389496	389548	2	2	1	1	0	31
scaffold_25	411099	411139	2	2	1	1	0	28
scaffold_25	424802	424849	2	2	0	4	1	14
scaffold_25	425064	425115	2	2	1	1011	1	44
scaffold_25	425139	425196	2	2	1	1	0	23
scaffold_25	425158	425196	2	2	1	1006	1	51
scaffold_25	427070	427151	2	2	1	1	0	25
scaffold_25	427315	427363	2	2	1	1	0	58
scaffold_25	501001	501047	2	2	1	3	0	48
scaffold_25	505041	505083	1	1	1	238	12	54
scaffold_25	505136	505174	1	1	1	157	10	52
scaffold_25	505274	505316	1	1	1	37	2	62
scaffold_25	505509	505572	1	1	1	27	1	62
scaffold_28	30992	31037	1	1	1	1	0	54
scaffold_28	57307	57353	1	1	1	19	0	74
scaffold_28	78996	79039	1	1	1	13	0	48
scaffold_28	108543	108593	1	1	1	3	0	23
scaffold_28	109260	109302	1	1	1	12	0	67
scaffold_28	164052	164100	1	1	1	1	0	74
scaffold_28	171178	171217	1	1	1	1	0	64
scaffold_28	203572	203614	1	1	1	89	1	71
scaffold_28	203686	203736	1	1	1	338	6	72
scaffold_28	203857	203916	1	1	1	285	33	65
scaffold_28	204036	204089	1	1	1	695	9	74
scaffold_28	250655	250710	1	1	1	5	2	39
scaffold_28	256762	256799	2	2	1	39	0	59
scaffold_28	257182	257237	2	2	1	3	0	49
scaffold_28	261310	261355	1	1	1	39	2	70
scaffold_28	261728	261775	1	3	1	1	0	45
scaffold_31	11185	11230	2	2	1	1	0	38
scaffold_31	11309	11410	2	2	1	1	0	25
scaffold_31	149860	149908	2	2	1	1	0	65
scaffold_31	150133	150187	2	2	1	3	0	58
scaffold_31	151179	151231	2	2	1	8	1	50
scaffold_31	151921	151980	2	2	1	1	0	61
scaffold_31	172350	172399	2	2	1	2	0	60
scaffold_34	7548	8576	1	1	1	57	1	72
scaffold_34	10364	12344	2	2	1	1	2	12
scaffold_34	16178	19158	1	1	1	0	1	12
scaffold_34	19454	25599	2	2	1	3	0	18
scaffold_34	19573	19725	2	2	1	3	2	61
scaffold_34	19850	23205	2	2	1	5	1	13
scaffold_34	19850	28166	2	2	1	15	6	14
scaffold_34	19878	22301	2	2	1	0	1	28
scaffold_34	22143	31262	1	1	1	6	0	20
scaffold_34	22143	31264	1	1	1	1	0	20
scaffold_34	28184	34153	2	2	0	1	0	17
scaffold_34	31293	33304	1	1	1	1	0	26
scaffold_34	31699	36882	2	2	1	3	0	19
scaffold_34	31705	41510	1	1	1	6	1	14
scaffold_34	38240	47880	2	2	1	4	15	13
scaffold_34	46830	48682	1	1	1	0	1	22
scaffold_34	50164	50549	0	0	1	12	0	70
scaffold_34	61153	68914	2	2	1	1	0	18
scaffold_34	68894	69102	2	2	1	2	3	23
scaffold_34	68967	69001	1	1	1	32	0	56
scaffold_34	69198	70068	2	2	1	103	8	75
scaffold_34	69830	75775	2	2	1	1	0	13
scaffold_34	70255	77193	1	1	1	4	21	21
scaffold_34	70446	70504	1	1	1	1	0	32
scaffold_34	71403	76702	1	5	1	165	5	14
scaffold_34	71432	77077	1	1	1	314	330	29
scaffold_34	71486	71619	2	2	1	1	0	58
scaffold_34	71705	71809	1	1	1	7	1	45
scaffold_34	72189	80260	2	2	1	2	0	19
scaffold_34	72403	76886	2	2	1	2	0	16
scaffold_34	72582	77007	2	2	1	1	1	16
scaffold_34	73611	76674	1	1	1	1	0	13
scaffold_34	74822	76726	1	1	1	86	74	4
scaffold_34	74989	77444	2	2	1	5	1111	13
scaffold_34	76118	77077	1	1	1	24	90	20
scaffold_34	76412	76864	1	1	1	1268	178	14
scaffold_34	76420	76721	2	2	1	15	19	4
scaffold_34	76424	77932	1	1	1	3	0	17
scaffold_34	76708	77007	2	2	1	2	2	1
scaffold_34	76708	77262	2	2	1	1	2057	15
scaffold_34	76787	76860	2	2	1	20	5	58
scaffold_34	76805	77623	2	2	1	27	1412	31
scaffold_34	76826	76973	2	2	1	4	2	31
scaffold_34	76826	86716	2	2	1	387	1	22
scaffold_34	76829	77099	2	2	1	1	0	29
scaffold_34	76849	77009	1	1	1	39	26	18
scaffold_34	76849	78669	1	1	0	0	1	18
scaffold_34	76849	84075	1	1	1	2	0	12
scaffold_34	76860	76998	2	2	1	100210	7567	28
scaffold_34	76864	76929	1	1	1	30	3	57
scaffold_34	76878	81481	2	2	1	3	0	20
scaffold_34	76950	77229	2	2	1	2	0	25
scaffold_34	76950	85391	2	2	1	4	0	12
scaffold_34	76954	76973	2	2	1	21	4	50
scaffold_34	76954	77130	2	2	1	3	1	30
scaffold_34	76954	81407	2	2	1	3	0	15
scaffold_34	76954	85529	2	2	1	1	0	14
scaffold_34	76964	77585	1	1	1	502	139	40
scaffold_34	76967	77124	1	1	1	34	89	67
scaffold_34	76973	79166	2	2	1	3	187	14
scaffold_34	76973	80260	2	2	1	90	33	17
scaffold_34	76973	84401	2	2	1	5	260	16
scaffold_34	77031	77186	1	1	1	34	356	38
scaffold_34	77100	77186	1	1	1	4	0	44
scaffold_34	77109	77130	2	2	1	1016	164	14
scaffold_34	77154	79932	1	1	1	6	5	17
scaffold_34	77176	77429	1	1	1	8	9	35
scaffold_34	77201	77265	2	2	1	528	1066	67
scaffold_34	77201	77396	2	2	1	3426	223	65
scaffold_34	77211	77771	1	1	1	1	0	30
scaffold_34	77258	78573	2	2	1	1	0	21
scaffold_34	77316	80676	1	1	1	1	0	12
scaffold_34	77335	77355	1	1	1	3246	467	53
scaffold_34	77345	77965	1	1	1	464	2990	56
scaffold_34	77420	77462	0	0	1	40	24	40
scaffold_34	77448	77490	1	1	1	12	2	60
scaffold_34	77503	77959	1	1	1	231	32	31
scaffold_34	77576	78383	2	2	1	1	0	19
scaffold_34	77576	81673	2	2	1	1	0	20
scaffold_34	77578	83661	2	2	1	17	1	16
scaffold_34	77596	79804	1	1	1	2	0	18
scaffold_34	77638	86854	2	2	1	3	0	25
scaffold_34	77855	80427	2	2	1	15	10	19
scaffold_34	77855	82840	2	2	1	69	10	13
scaffold_34	78140	86901	1	1	1	6	0	13
scaffold_34	78155	78760	2	2	1	43	36	12
scaffold_34	78155	83466	2	2	1	22	74	17
scaffold_34	78155	83646	2	2	1	16	11	14
scaffold_34	78155	88019	2	2	1	5	6	15
scaffold_34	78160	86153	1	1	1	904	35	12
scaffold_34	78494	86286	2	2	1	1	0	13
scaffold_34	78673	79696	2	2	1	32026	208	75
scaffold_34	78673	79733	2	2	1	27	29	43
scaffold_34	78686	85720	2	2	1	1	0	18
scaffold_34	78701	79726	1	1	1	2	0	21
scaffold_34	79778	79940	2	2	1	11	1	53
scaffold_34	79902	79921	2	2	1	1	0	25
scaffold_34	80233	81169	2	2	1	20	2	49
scaffold_34	80241	82324	1	1	1	2	0	15
scaffold_34	81599	88096	2	2	1	1	0	13
scaffold_34	82377	84519	1	1	1	11	0	72
scaffold_34	82391	84534	2	2	1	23	0	60
scaffold_34	82396	84578	2	2	1	3	0	57
scaffold_34	82667	88465	1	1	1	1	12	18
scaffold_34	82704	82723	2	2	1	398	15	75
scaffold_34	82720	82741	1	1	1	1	0	22
scaffold_34	84571	84591	0	0	1	6	0	41
scaffold_34	84706	88402	2	2	1	26	14	12
scaffold_34	90293	94269	2	2	1	1	0	19
scaffold_37	5364	5429	1	1	1	36	0	45
scaffold_37	8409	8458	1	1	1	1	0	27
scaffold_37	30420	30470	1	1	1	3	0	47
scaffold_37	40984	41036	2	2	1	1	0	41
scaffold_37	41092	41138	2	2	1	1	0	54
scaffold_43	19755	19804	2	2	1	92	1	72
scaffold_43	19888	19946	2	2	1	56	1	66
scaffold_61	9978	10024	1	1	1	1	0	66
scaffold_61	10530	10579	1	1	1	1	0	14
scaffold_73	9417	9471	2	2	1	2	0	40
scaffold_73	9596	9647	2	2	1	2	0	54
scaffold_94	5942	6027	2	2	1	0	14	43
scaffold_94	6136	6194	2	2	1	0	7	73
scaffold_94	6791	6839	2	2	1	0	2	50
scaffold_121	909	2261	2	2	1	1	0	40
scaffold_121	924	2276	1	3	1	1	0	41
scaffold_121	970	2321	2	2	1	371	172	75
scaffold_121	970	5404	2	2	1	24	178	74
scaffold_121	2322	5404	2	2	1	11	51	74
scaffold_121	2324	5393	1	1	1	1	0	26
scaffold_121	2348	5431	2	2	1	0	1	63
scaffold_121	2348	5662	2	2	1	0	1	63
scaffold_121	2417	5730	1	1	1	457	460	75
scaffold_121	2417	5736	1	1	1	1	2	67
scaffold_121	2422	5505	1	1	1	0	1	35
scaffold_121	2422	5736	1	1	1	3	3	59
scaffold_121	2429	5511	1	1	1	0	1	37
scaffold_121	2429	5736	1	1	1	0	34	32
scaffold_121	5472	5702	0	0	1	25	23	75
scaffold_121	5501	5730	1	1	0	0	1	21
scaffold_121	5505	5736	1	1	1	4	73	49
scaffold_121	5512	5736	1	1	1	1	34	32
scaffold_121	5766	6005	1	1	1	1	2	65
scaffold_121	5770	6009	1	1	1	1	1	70
scaffold_121	5786	6025	2	2	1	1	0	34
scaffold_121	5813	6052	1	1	1	1	1	61
scaffold_121	5855	6094	1	1	1	0	1	2
scaffold_121	5855	6385	1	1	1	0	2	15
scaffold_121	5869	6107	0	0	1	26	7	54
scaffold_121	5895	6132	2	2	1	23	27	68
scaffold_121	5895	6423	2	2	1	156	57	74
scaffold_121	5895	6827	2	2	1	1	3	58
scaffold_121	6132	6423	2	2	1	8	3	74
scaffold_121	6135	6423	2	2	1	66	18	75
scaffold_121	6135	6827	2	2	1	6	7	68
scaffold_121	6162	6452	1	1	1	337	144	74
scaffold_121	6162	6856	1	1	1	0	3	53
scaffold_121	6174	6868	1	1	1	16	10	70
scaffold_121	6183	6474	2	2	1	1	0	16
scaffold_121	6524	6951	1	3	1	83	77	73
scaffold_121	6539	7332	0	0	0	81	27	74
scaffold_121	6586	7379	2	2	1	79	21	74
scaffold_121	7014	7379	2	2	1	1	1	33
scaffold_220	5828	5874	1	1	1	1	0	48
