 -1.439658 0.000100 0.000100 0.000100
 -1.583170 0.000100 0.000100 0.000100
 -1.765491 0.000100 0.000100 0.000100
 -0.950455 0.000100 0.000100 0.000100
 -1.205757 -1.446919 -1.765372 -1.223776
 -1.216396 -1.829498 -1.791758 -0.976723
 -1.076634 -2.420363 -1.909541 -0.862225
 -1.808288 -1.350864 -1.545924 -1.010782
 -1.309334 -1.714798 -1.609437 -1.049823
 -1.003868 -1.903349 -2.596492 -0.891751
 -0.909371 -2.404859 -2.484901 -0.858941
 -1.641641 -1.757153 -1.474587 -0.904043
 -1.076730 -1.591893 -1.809616 -1.230880
 -0.953875 -2.031430 -2.319109 -0.953875
 -1.009666 -2.220751 -2.151759 -0.889522
 -1.584120 -1.584120 -1.466337 -1.024505
 -1.240078 -1.675395 -2.025597 -0.937798
 -1.113002 -1.945908 -1.997201 -0.934310
 -0.980830 -2.204601 -1.821611 -1.041455
 -1.602269 -1.657329 -1.408113 -1.012501
 -1.041454 -1.569521 -1.901654 -1.239280
 -0.990983 -2.243740 -2.243740 -0.875470
 -1.049823 -2.108426 -2.051268 -0.916292
 -1.359626 -1.778336 -1.547225 -1.017531
 -1.309922 -1.486378 -2.095440 -0.965081
 -1.288839 -1.753143 -2.071595 -0.855204
 -0.920206 -2.018814 -2.454129 -0.960211
 -1.581464 -1.750086 -1.498772 -0.923409
 -1.197703 -1.527945 -1.860078 -1.122480
 -1.084914 -2.204142 -1.932209 -0.899197
 -1.106912 -2.023199 -2.156729 -0.863966
 -1.565405 -1.645448 -1.520285 -0.969109
 -1.080431 -1.646825 -1.918758 -1.136000
 -1.166054 -2.094037 -2.036879 -0.832910
 -0.923672 -1.868131 -2.715422 -0.961412
 -1.801911 -1.822530 -1.129384 -1.049342
 -1.266493 -1.404644 -1.992429 -1.089563
 -1.001884 -2.079438 -2.654798 -0.826680
 -1.000375 -2.210208 -2.210208 -0.884543
 -1.351927 -2.072472 -1.407497 -0.992553
 -1.290984 -1.369765 -2.261761 -1.003303
 -0.962038 -1.721141 -2.866263 -0.962038
 -1.029620 -2.063690 -2.438381 -0.847299
 -1.484275 -1.942581 -1.455287 -0.924659
 -0.989719 -1.809616 -1.865186 -1.172040
 -1.127186 -2.122611 -2.011386 -0.861484
 -0.920727 -2.647937 -1.954796 -0.943199
 -1.426035 -2.066537 -1.323381 -1.002712
 -1.268958 -1.688811 -1.991091 -0.922334
 -1.059774 -1.842530 -2.050167 -1.004204
 -0.864998 -2.721288 -1.932836 -0.998530
 -2.162973 -1.809334 -1.328749 -0.784286
 -1.197394 -2.089390 -1.752919 -0.913819
 -1.345136 -1.834683 -1.888749 -0.847299
 -1.084914 -2.411779 -1.609437 -0.987751
 -1.885831 -2.039982 -1.133262 -0.925623
 -1.315199 -1.636106 -1.781287 -0.998529
 -1.459625 -2.110209 -1.599387 -0.810932
 -1.354546 -2.090250 -1.588160 -0.881942
 -2.165873 -2.060512 -1.114664 -0.844119
 -1.451677 -1.695298 -2.172220 -0.758531
 -1.422662 -2.079438 -2.233588 -0.640963
 -1.219639 -2.777777 -1.895393 -0.708814
 -2.123334 -1.835653 -1.298261 -0.803291
 -0.916292 -1.183354 -1.225027 -14.285517
 -0.866168 -1.494775 -1.035244 -13.883173
 -0.870079 -1.531476 -1.008229 -14.207556
 -1.749868 -1.675760 -0.447793 -15.134597
 -14.674174 -14.674174 -14.674174 -0.000001
 -14.375129 -14.375129 -14.375129 -0.000002
 -15.145236 -15.145236 -15.145236 -0.000001
 -1.386294 -1.386294 -1.386294 -1.386294
 -1.386294 -1.386294 -1.386294 -1.386294
 -1.386294 -1.386294 -1.386294 -1.386294
 -1.386294 -1.386294 -1.386294 -1.386294
 -2.738939 -2.288739 -0.868648 -0.880806
 -2.140057 -1.533929 -2.545514 -0.530633
 -1.548812 -1.437587 -2.302577 -0.798510
 -1.582610 -2.113238 -1.850874 -0.660455
 -2.234611 -2.052289 -1.174840 -0.786014
 -1.540444 -1.891841 -1.700787 -0.793232
 -1.540444 -1.722765 -1.828125 -0.806477
 -1.417066 -1.847847 -2.215571 -0.711498
 -1.948503 -2.149174 -1.057998 -0.931957
 -14.193950 -14.193950 -14.193950 -0.000002
 -13.910825 -13.910825 -13.910825 -0.000003
 -14.473033 -14.473033 -14.473033 -0.000002
 -15.039288 -15.039288 -15.039288 -0.000001
 -1.386294 -1.386294 -1.386294 -1.386294
 -1.386294 -1.386294 -1.386294 -1.386294
 -1.386294 -1.386294 -1.386294 -1.386294
 -2.301318 -2.016805 -1.540867 -0.593124
 -13.579793 -13.579793 -13.579793 -0.000004
 -13.864305 -13.864305 -13.864305 -0.000003
 -14.340241 -14.340241 -14.340241 -0.000002
 -15.287984 -15.287984 -15.287984 -0.000001
 -1.386294 -1.386294 -1.386294 -1.386294
 -1.386294 -1.386294 -1.386294 -1.386294
 -1.386294 -1.386294 -1.386294 -1.386294
 -0.000000 -15.881107 -15.881107 -15.881107
 -15.881107 -15.881107 -0.000000 -15.881107
 -1.386294 -1.386294 -1.386294 -1.386294
 -1.386294 -1.386294 -1.386294 -1.386294
 -1.386294 -1.386294 -1.386294 -1.386294
 -1.386294 -1.386294 -1.386294 -1.386294
 -1.386294 -1.386294 -1.386294 -1.386294
 -1.145314 -2.663432 -0.776364 -1.883274
 -1.386294 -1.386294 -1.386294 -1.386294
 -1.555161 -1.970104 -1.465010 -0.871493
 -1.704745 -2.215564 -1.810105 -0.606140
 -1.066089 -1.905418 -1.816865 -1.066089
 -2.222538 -1.609437 -1.353505 -0.836249
 -1.128918 -1.869316 -1.542104 -1.176171
 -1.115563 -2.581891 -1.560247 -0.950483
 -1.067262 -1.920750 -1.655048 -1.144223
 -1.699951 -1.735669 -1.360977 -0.955512
 -1.203317 0.000100 0.000100 0.000100
 -1.764573 0.000100 0.000100 0.000100
 -1.605509 0.000100 0.000100 0.000100
 -1.115486 0.000100 0.000100 0.000100
 -1.187713 -1.712978 -1.429852 -1.289495
 -1.015921 -1.470176 -1.632694 -1.548137
 -1.159237 -1.821611 -1.446919 -1.240583
 -1.504077 -1.531476 -1.275543 -1.264848
 -1.119232 -1.876916 -1.623136 -1.129703
 -0.994253 -1.801809 -2.162821 -1.049823
 -0.959552 -1.875842 -1.562185 -1.370294
 -1.762980 -1.423473 -1.587776 -0.959168
 -1.137833 -1.699951 -1.466337 -1.324163
 -0.809558 -2.068510 -2.025951 -1.215023
 -1.271455 -1.745239 -1.909541 -0.924260
 -1.531476 -1.765091 -1.275543 -1.098613
 -1.108465 -1.698233 -1.392852 -1.433126
 -0.992664 -1.609437 -1.639290 -1.446919
 -1.036093 -1.824548 -1.551256 -1.302360
 -1.487193 -1.603265 -1.245053 -1.255864
 -0.851554 -1.878191 -1.878191 -1.318576
 -0.970359 -1.636106 -2.028147 -1.221673
 -0.898309 -1.706766 -1.642227 -1.524444
 -1.644123 -1.465075 -1.481604 -1.054161
 -1.084743 -1.820089 -1.473814 -1.305822
 -0.895565 -1.786537 -1.725912 -1.402126
 -1.008843 -1.940399 -1.797298 -1.120960
 -1.528857 -1.704748 -1.273965 -1.134204
 -1.107829 -1.712422 -1.312624 -1.513294
 -0.949578 -1.756667 -1.865866 -1.252763
 -1.026086 -1.659334 -1.659334 -1.342998
 -1.609438 -1.716683 -1.112265 -1.232628
 -1.064072 -1.541510 -1.685760 -1.364177
 -0.924477 -1.813737 -1.919097 -1.225952
 -1.274655 -1.426460 -1.586090 -1.288839
 -1.751088 -1.502192 -1.536678 -0.945001
 -1.033655 -1.805272 -1.569959 -1.302644
 -0.784778 -1.914160 -2.047691 -1.319454
 -1.019364 -1.866660 -1.802121 -1.140724
 -1.835027 -1.599713 -1.332399 -0.981916
 -1.237449 -1.653609 -1.237449 -1.476678
 -1.092849 -1.719303 -1.656783 -1.221466
 -0.982473 -1.702287 -1.529016 -1.484564
 -1.695299 -1.644868 -1.278406 -1.064395
 -1.102115 -1.451299 -1.784790 -1.325258
 -1.003779 -1.755765 -1.786537 -1.226922
 -0.992480 -1.644805 -1.795627 -1.308333
 -1.627456 -1.627456 -1.491655 -0.961961
 -1.223143 -1.823916 -1.551049 -1.101782
 -0.928562 -2.278485 -1.921811 -1.032551
 -1.066864 -2.047691 -1.967648 -0.949081
 -1.801515 -1.558954 -1.256005 -1.079381
 -1.284400 -1.816278 -1.223776 -1.322621
 -1.189584 -1.526056 -1.584896 -1.297215
 -1.147166 -1.917870 -1.400614 -1.240985
 -1.595451 -1.652610 -1.180770 -1.208679
 -1.221539 -1.806797 -1.639743 -1.058388
 -1.173146 -1.764509 -1.643148 -1.120960
 -1.006239 -1.760010 -1.679968 -1.287406
 -1.949387 -1.568616 -1.552086 -0.826679
 -1.245595 -1.620288 -1.350955 -1.364941
 -0.932821 -2.031430 -1.842189 -1.149044
 -0.967585 -1.897119 -1.448170 -1.448170
 -1.490091 -1.609438 -1.247145 -1.247145
 -1.029620 -1.348073 -0.959416 -14.940441
 -0.577838 -1.758969 -1.321756 -14.403299
 -0.616187 -1.570217 -1.378326 -14.731803
 -1.220902 -1.350955 -0.807340 -14.837963
 -15.269464 -15.269464 -15.269464 -0.000001
 -14.669928 -14.669928 -14.669928 -0.000001
 -15.076810 -15.076810 -15.076810 -0.000001
 -1.386294 -1.386294 -1.386294 -1.386294
 -1.386294 -1.386294 -1.386294 -1.386294
 -1.386294 -1.386294 -1.386294 -1.386294
 -1.386294 -1.386294 -1.386294 -1.386294
 -1.867383 -1.394199 -1.264146 -1.155308
 -1.367366 -1.622258 -1.392684 -1.206099
 -1.063521 -1.722766 -1.486378 -1.386294
 -1.005522 -1.898281 -1.581944 -1.277456
 -1.742969 -1.519826 -1.153201 -1.235722
 -1.197053 -1.673976 -1.585423 -1.185624
 -1.082865 -1.457557 -1.945909 -1.252763
 -0.891218 -1.653357 -1.856297 -1.418043
 -1.455792 -1.455792 -1.112848 -1.585004
 -14.984893 -14.984893 -14.984893 -0.000001
 -14.571634 -14.571634 -14.571634 -0.000001
 -14.599414 -14.599414 -14.599414 -0.000001
 -14.778687 -14.778687 -14.778687 -0.000001
 -1.386294 -1.386294 -1.386294 -1.386294
 -1.386294 -1.386294 -1.386294 -1.386294
 -1.386294 -1.386294 -1.386294 -1.386294
 -1.708693 -1.650629 -1.620324 -0.845986
 -14.425279 -14.425279 -14.425279 -0.000002
 -14.483342 -14.483342 -14.483342 -0.000002
 -14.513647 -14.513647 -14.513647 -0.000001
 -15.287984 -15.287984 -15.287984 -0.000001
 -1.386294 -1.386294 -1.386294 -1.386294
 -1.386294 -1.386294 -1.386294 -1.386294
 -1.386294 -1.386294 -1.386294 -1.386294
 -0.000000 -16.133970 -16.133970 -16.133970
 -16.133970 -16.133970 -0.000000 -16.133970
 -1.386294 -1.386294 -1.386294 -1.386294
 -1.386294 -1.386294 -1.386294 -1.386294
 -1.386294 -1.386294 -1.386294 -1.386294
 -1.386294 -1.386294 -1.386294 -1.386294
 -1.386294 -1.386294 -1.386294 -1.386294
 -1.171056 -1.640425 -1.919682 -1.051511
 -1.386294 -1.386294 -1.386294 -1.386294
 -1.098613 -1.675035 -1.578185 -1.298225
 -0.864364 -2.238679 -2.025105 -1.078512
 -0.829560 -2.113572 -1.825891 -1.266277
 -1.350329 -1.490091 -1.350329 -1.361258
 -1.152197 -1.653889 -1.332685 -1.474096
 -1.022901 -1.747795 -1.518222 -1.397594
 -0.938270 -1.965421 -1.482571 -1.420696
 -1.685699 -1.545118 -1.512857 -0.964644
