 -1.308333 0.000100 0.000100 0.000100
 -1.531476 0.000100 0.000100 0.000100
 -1.849011 0.000100 0.000100 0.000100
 -1.032485 0.000100 0.000100 0.000100
 -1.374598 -1.329136 -2.000302 -1.058262
 -1.062508 -1.777159 -2.273593 -0.961412
 -0.833921 -1.761905 -2.515670 -1.161133
 -1.441354 -1.915137 -1.499623 -0.934310
 -1.293921 -1.562185 -1.729238 -1.082613
 -1.438480 -1.592630 -2.205731 -0.800394
 -1.375823 -1.845824 -1.781286 -0.864999
 -1.882730 -1.506253 -1.631416 -0.842960
 -1.430746 -1.493266 -1.708377 -1.035434
 -0.852480 -1.681758 -2.780361 -1.122144
 -0.959258 -2.593379 -1.782455 -0.983951
 -1.307157 -1.533930 -1.712622 -1.098613
 -1.262916 -2.152771 -1.481604 -0.984203
 -0.899485 -1.937469 -2.372784 -1.033016
 -1.078205 -2.176811 -1.866658 -0.937126
 -1.614078 -1.504077 -1.711716 -0.920932
 -1.241713 -1.386294 -2.248515 -1.034074
 -1.161133 -2.030167 -1.956059 -0.881549
 -1.203973 -1.927889 -1.992427 -0.871840
 -1.609437 -1.630491 -1.473306 -0.980830
 -0.972733 -1.698668 -2.008822 -1.187844
 -1.299283 -1.499953 -1.962575 -1.011602
 -1.079382 -1.995668 -1.926676 -0.971169
 -1.459445 -1.847210 -1.747127 -0.830837
 -1.165304 -1.397105 -2.047691 -1.165304
 -0.820148 -1.746907 -2.494116 -1.194841
 -0.980831 -1.999395 -2.079437 -1.009001
 -1.665608 -1.329136 -1.783390 -0.972462
 -1.242125 -1.402467 -1.797120 -1.205757
 -1.120119 -1.690662 -2.176168 -0.978469
 -1.008666 -1.877699 -2.245420 -0.976917
 -1.404987 -1.483458 -1.711716 -1.057791
 -1.171885 -1.477266 -1.813737 -1.207603
 -1.160171 -1.806796 -2.332886 -0.854790
 -1.027518 -2.068966 -2.356645 -0.864999
 -1.568616 -1.661706 -1.463255 -0.993252
 -1.121341 -1.570865 -2.137259 -1.054650
 -1.098613 -1.717650 -2.564942 -0.890974
 -1.190986 -2.227072 -2.545523 -0.673731
 -1.618096 -1.981000 -1.421386 -0.861771
 -1.048182 -1.632694 -2.268680 -1.048182
 -1.181134 -2.130209 -1.724747 -0.926242
 -0.879735 -2.597374 -1.770704 -1.077560
 -1.355989 -1.949763 -1.535330 -0.955512
 -0.881549 -1.887068 -2.243742 -1.113880
 -1.203974 -1.727219 -1.666595 -1.098613
 -0.730889 -2.602681 -1.637608 -1.386294
 -1.644375 -1.689838 -1.425687 -0.962403
 -1.108369 -1.862139 -1.893888 -1.010389
 -0.911151 -2.009758 -1.741496 -1.242507
 -0.960744 -2.547700 -1.854558 -0.960744
 -1.362874 -1.740939 -1.501710 -1.061399
 -1.352718 -1.538820 -2.187513 -0.880359
 -1.045125 -1.871799 -2.313628 -0.927342
 -1.508512 -2.647937 -1.894172 -0.584255
 -1.959639 -1.897119 -1.299283 -0.829280
 -1.547562 -1.770705 -1.953025 -0.744069
 -1.299283 -2.030167 -1.887067 -0.810932
 -1.800974 -2.388756 -1.555853 -0.630907
 -2.690347 -1.921216 -1.215949 -0.714809
 -0.905710 -0.854417 -1.770704 -13.753639
 -0.716139 -1.341843 -1.386294 -13.687682
 -0.744069 -1.547562 -1.164571 -14.159103
 -1.894943 -1.098613 -0.660991 -14.933927
 -1.019364 -0.911150 -1.439217 -14.478201
 -0.854160 -1.466337 -1.068308 -14.483342
 -0.875469 -1.290984 -1.176574 -14.690981
 -1.386294 -1.386294 -1.386294 -1.386294
 -1.683241 -1.563097 -2.201183 -0.705077
 -1.413106 -2.408530 -1.909541 -0.656781
 -1.675760 -1.935270 -2.523054 -0.530629
 -1.386294 -1.386294 -1.386294 -1.386294
 -1.673975 -2.079438 -2.079438 -0.575366
 -2.009758 -2.009758 -1.684338 -0.604421
 -1.429466 -2.183231 -2.183231 -0.625097
 -2.094569 -2.094569 -0.956113 -0.995958
 -1.509354 -1.663504 -2.356645 -0.703731
 -1.360977 -1.871799 -2.054119 -0.773192
 -1.524880 -1.839960 -1.839960 -0.766352
 -2.129630 -1.685699 -1.156182 -0.964644
 -13.928843 -13.928843 -13.928843 -0.000003
 -13.910825 -13.910825 -13.910825 -0.000003
 -14.122998 -14.122998 -14.122998 -0.000002
 -14.812461 -14.812461 -14.812461 -0.000001
 -1.386294 -1.386294 -1.386294 -1.386294
 -1.386294 -1.386294 -1.386294 -1.386294
 -1.386294 -1.386294 -1.386294 -1.386294
 -2.210024 -1.656639 -1.400706 -0.791642
 -13.444452 -13.444452 -13.444452 -0.000004
 -13.997835 -13.997835 -13.997835 -0.000003
 -14.253768 -14.253768 -14.253768 -0.000002
 -14.862831 -14.862831 -14.862831 -0.000001
 -1.386294 -1.386294 -1.386294 -1.386294
 -1.386294 -1.386294 -1.386294 -1.386294
 -1.386294 -1.386294 -1.386294 -1.386294
 -0.000001 -15.654472 -15.654472 -15.654472
 -15.654472 -15.654472 -0.000000 -15.654472
 -1.386294 -1.386294 -1.386294 -1.386294
 -1.386294 -1.386294 -1.386294 -1.386294
 -1.386294 -1.386294 -1.386294 -1.386294
 -1.386294 -1.386294 -1.386294 -1.386294
 -1.386294 -1.386294 -1.386294 -1.386294
 -1.302468 -3.010141 -0.606401 -2.013314
 -1.386294 -1.386294 -1.386294 -1.386294
 -1.774367 -1.645155 -1.645155 -0.810931
 -1.824542 -2.047681 -1.488076 -0.725943
 -1.222610 -2.076529 -1.886486 -0.847298
 -1.658227 -1.865864 -1.597602 -0.793233
 -1.279611 -1.490919 -1.721442 -1.146079
 -1.006240 -2.923146 -1.274503 -1.200396
 -1.136001 -1.695614 -2.052287 -1.002470
 -1.669157 -1.631416 -1.120592 -1.238374
 -1.229675 0.000100 0.000100 0.000100
 -1.627771 0.000100 0.000100 0.000100
 -1.541310 0.000100 0.000100 0.000100
 -1.213534 0.000100 0.000100 0.000100
 -1.238078 -1.640996 -1.285084 -1.428597
 -1.024347 -1.723648 -1.543386 -1.390709
 -1.074659 -1.847848 -1.299283 -1.477170
 -1.897605 -1.420346 -1.134172 -1.249131
 -1.100199 -1.783866 -1.450094 -1.329312
 -1.111858 -1.691676 -1.805004 -1.132060
 -1.058791 -1.609438 -1.625186 -1.361602
 -1.592488 -1.488810 -1.496414 -1.058406
 -1.149831 -1.816309 -1.515555 -1.200650
 -0.927464 -2.014902 -1.818788 -1.174774
 -1.037988 -2.079441 -1.817077 -1.026292
 -1.589088 -1.603581 -1.287120 -1.143665
 -1.130134 -1.784732 -1.316831 -1.422192
 -0.879250 -1.821857 -1.711509 -1.416392
 -1.018726 -1.883021 -1.537070 -1.302669
 -1.457803 -1.601351 -1.158561 -1.379551
 -1.154728 -1.613539 -1.648386 -1.226508
 -0.942691 -1.681448 -1.938493 -1.271549
 -0.928976 -1.706430 -1.744170 -1.391349
 -1.691922 -1.577259 -1.552566 -0.922333
 -1.172510 -1.813921 -1.475051 -1.208549
 -0.919637 -2.215201 -2.118038 -0.989029
 -1.004584 -1.976901 -1.976901 -1.030559
 -1.455085 -1.524078 -1.431132 -1.171959
 -1.140813 -1.524955 -1.330055 -1.617737
 -1.052450 -1.723291 -1.573351 -1.327679
 -0.971225 -1.789534 -1.542675 -1.424892
 -1.745239 -1.435085 -1.229879 -1.220870
 -1.073445 -1.766591 -1.650760 -1.219586
 -0.971861 -1.698530 -1.956359 -1.213023
 -0.917142 -1.667197 -1.833432 -1.379515
 -1.637609 -1.400281 -1.628720 -1.013774
 -1.084186 -1.592411 -1.541767 -1.409007
 -0.944148 -1.977162 -1.900789 -1.129865
 -1.078956 -1.655131 -1.955884 -1.116135
 -1.496929 -1.710503 -1.405122 -1.049617
 -1.136512 -1.743363 -1.345803 -1.411400
 -0.916291 -1.806148 -1.997203 -1.203973
 -1.116234 -1.541901 -1.638232 -1.331079
 -1.599599 -1.572011 -1.294586 -1.150798
 -1.057675 -1.674937 -1.832941 -1.185886
 -1.045620 -1.634697 -2.100060 -1.105438
 -1.111933 -1.552489 -1.646015 -1.322229
 -1.728958 -1.637609 -1.621860 -0.842679
 -1.057148 -1.875458 -1.525472 -1.266729
 -0.941948 -1.913404 -2.023752 -1.107462
 -0.955006 -2.066862 -1.789230 -1.134699
 -1.587822 -1.600481 -1.388868 -1.065740
 -1.153828 -1.720015 -1.372614 -1.378064
 -1.077724 -1.794401 -1.647076 -1.201338
 -1.038615 -1.819869 -1.414404 -1.423215
 -1.627210 -1.522539 -1.196772 -1.261610
 -1.037724 -1.718292 -1.769585 -1.217517
 -1.122143 -1.733051 -1.874130 -1.066573
 -1.124189 -1.781709 -1.650681 -1.155771
 -1.803132 -1.530265 -1.568293 -0.890771
 -1.182382 -1.846819 -1.416508 -1.227055
 -0.910494 -2.279594 -1.904901 -1.059839
 -1.043426 -2.115546 -1.604721 -1.120119
 -1.637790 -1.605633 -1.234506 -1.158840
 -0.940066 -1.429812 -0.994133 -15.733903
 -0.636299 -1.464482 -1.428975 -15.093664
 -0.779991 -1.373438 -1.243563 -15.503760
 -1.331723 -1.233121 -0.810588 -15.804754
 -0.949731 -1.189584 -1.175038 -16.009398
 -0.706661 -1.420427 -1.327646 -15.600582
 -0.741938 -1.291984 -1.389964 -15.918425
 -1.386294 -1.386294 -1.386294 -1.386294
 -1.296377 -1.696537 -1.373764 -1.237841
 -0.983950 -1.987251 -1.810628 -1.122254
 -1.171638 -1.874936 -1.664114 -1.057227
 -1.386294 -1.386294 -1.386294 -1.386294
 -1.181089 -1.915812 -1.266045 -1.332227
 -0.999673 -1.707418 -1.636466 -1.362578
 -0.889947 -1.769423 -2.013876 -1.253790
 -1.589098 -1.351298 -1.284777 -1.346020
 -1.315420 -1.450456 -1.538563 -1.264127
 -1.137475 -1.693599 -1.769585 -1.123585
 -1.149615 -1.484925 -1.633670 -1.341282
 -1.650937 -1.451809 -1.494369 -1.050984
 -15.644888 -15.644888 -15.644888 -0.000000
 -15.454508 -15.454508 -15.454508 -0.000001
 -15.367320 -15.367320 -15.367320 -0.000001
 -15.764275 -15.764275 -15.764275 -0.000000
 -1.386294 -1.386294 -1.386294 -1.386294
 -1.386294 -1.386294 -1.386294 -1.386294
 -1.386294 -1.386294 -1.386294 -1.386294
 -1.659093 -1.580450 -1.553506 -0.935726
 -15.297116 -15.297116 -15.297116 -0.000001
 -15.375759 -15.375759 -15.375759 -0.000001
 -15.402703 -15.402703 -15.402703 -0.000001
 -16.020483 -16.020483 -16.020483 -0.000000
 -1.386294 -1.386294 -1.386294 -1.386294
 -1.386294 -1.386294 -1.386294 -1.386294
 -1.386294 -1.386294 -1.386294 -1.386294
 0.000000 -16.956209 -16.956209 -16.956209
 -16.956209 -16.956209 -0.000000 -16.956209
 -1.386294 -1.386294 -1.386294 -1.386294
 -1.386294 -1.386294 -1.386294 -1.386294
 -1.386294 -1.386294 -1.386294 -1.386294
 -1.386294 -1.386294 -1.386294 -1.386294
 -1.386294 -1.386294 -1.386294 -1.386294
 -1.137868 -1.638845 -1.902324 -1.090428
 -1.386294 -1.386294 -1.386294 -1.386294
 -1.082548 -1.779687 -1.371559 -1.431851
 -1.019427 -2.099689 -1.917367 -0.995035
 -0.725551 -2.059354 -2.154664 -1.300250
 -1.372237 -1.618488 -1.468055 -1.146052
 -1.110263 -1.750165 -1.357123 -1.429694
 -1.198696 -1.807759 -1.552867 -1.130873
 -1.023297 -1.969440 -1.440596 -1.330782
 -1.683771 -1.517323 -1.265268 -1.161982
