 -1.345233 0.000100 0.000100 0.000100
 -1.475158 0.000100 0.000100 0.000100
 -2.036084 0.000100 0.000100 0.000100
 -0.966954 0.000100 0.000100 0.000100
 -1.105533 -1.553557 -1.916462 -1.170071
 -1.025440 -1.818285 -2.116778 -1.025440
 -1.053762 -1.746908 -2.206439 -1.002469
 -1.691451 -1.359875 -1.809234 -0.928172
 -1.067457 -1.586496 -2.002324 -1.150572
 -1.092995 -1.920873 -2.406380 -0.848238
 -1.223776 -2.071072 -2.140064 -0.771791
 -1.614425 -1.432104 -1.767188 -0.938086
 -1.081805 -1.456499 -2.419308 -1.081805
 -1.032721 -1.906450 -2.088772 -0.990161
 -1.314076 -1.959213 -2.166852 -0.742820
 -1.829499 -1.398717 -1.764360 -0.864419
 -1.056337 -1.667934 -2.194953 -1.043350
 -1.157453 -1.527200 -2.392195 -0.975132
 -1.140577 -2.211016 -2.344546 -0.744682
 -1.657472 -1.463316 -1.697963 -0.929234
 -1.145444 -1.428570 -2.197223 -1.105170
 -1.004927 -1.706237 -2.415912 -1.013090
 -1.037724 -2.039874 -1.910663 -1.000453
 -1.589695 -1.643762 -1.503311 -0.966616
 -1.151987 -1.541138 -2.032732 -1.082117
 -1.016213 -1.816605 -2.231548 -0.999406
 -1.090920 -2.189530 -1.945909 -0.893390
 -1.730745 -1.685075 -1.528377 -0.866240
 -1.280072 -1.369200 -2.169591 -1.040018
 -1.078612 -1.822530 -2.004852 -1.011601
 -1.072637 -1.754854 -2.287657 -0.958524
 -1.841172 -1.429192 -1.546164 -0.944684
 -1.187560 -1.558736 -1.888488 -1.098613
 -1.098613 -1.895299 -2.031431 -0.953874
 -1.060440 -2.083339 -2.181778 -0.876248
 -1.576338 -1.568616 -1.538310 -0.993733
 -1.194776 -1.575891 -2.039728 -1.020704
 -1.023105 -1.894943 -2.227076 -0.961412
 -0.962811 -1.927891 -2.358672 -0.972381
 -1.480960 -1.693521 -1.625698 -0.936658
 -1.213388 -1.414809 -2.116255 -1.080702
 -1.098613 -1.932531 -2.197223 -0.889712
 -0.956339 -1.992429 -2.121640 -1.023030
 -1.749990 -1.560121 -1.508828 -0.929010
 -1.381860 -1.544899 -1.832581 -0.979349
 -1.135654 -1.992429 -2.161505 -0.850333
 -0.983378 -2.012995 -2.390288 -0.914385
 -1.598353 -1.688950 -1.399115 -1.004461
 -1.175844 -1.574036 -1.876316 -1.105392
 -1.222407 -2.039166 -2.418655 -0.720927
 -1.081460 -2.111077 -2.232438 -0.838114
 -1.750751 -1.925955 -1.259764 -0.924073
 -1.226551 -1.538138 -2.199536 -0.964793
 -1.002952 -2.465783 -1.973308 -0.893390
 -1.124930 -2.174750 -2.296111 -0.774273
 -1.736593 -1.779890 -1.281531 -0.973888
 -1.290984 -1.704748 -2.097790 -0.866419
 -1.028860 -1.961235 -1.961235 -1.018278
 -1.034282 -2.241373 -2.529054 -0.779857
 -1.791759 -1.756357 -1.330806 -0.925341
 -1.616390 -1.593401 -2.063404 -0.752618
 -1.285490 -2.141960 -2.208651 -0.700753
 -1.483668 -2.495267 -1.844681 -0.629899
 -2.070682 -1.880638 -1.226712 -0.848276
 -1.788548 -1.550138 -2.407586 -0.633848
 -1.382254 -2.142091 -2.043651 -0.689108
 -1.508633 -2.397893 -2.466886 -0.505789
 -2.472199 -2.219203 -1.333979 -0.609766
 -1.544405 -1.819817 -2.132190 -0.681360
 -1.791759 -1.979810 -2.128230 -0.551318
 -1.606042 -2.217842 -2.282381 -0.530289
 -2.328099 -1.933934 -1.160744 -0.810383
 -1.357186 -1.912711 -2.423535 -0.680569
 -1.671131 -1.605173 -1.844402 -0.791883
 -1.572396 -2.278614 -2.132011 -0.559616
 -2.300172 -1.914992 -1.150669 -0.830135
 -1.405343 -1.572396 -2.807136 -0.719918
 -1.411400 -1.638790 -2.397892 -0.752740
 -1.663047 -1.908169 -2.208273 -0.593850
 -2.088241 -1.713547 -1.463005 -0.767159
 -1.633702 -1.549619 -2.843536 -0.626899
 -1.499090 -1.791759 -2.066195 -0.727049
 -1.660131 -2.045792 -2.353276 -0.535202
 -2.272371 -1.866906 -1.380178 -0.711724
 -1.702811 -1.815289 -3.607037 -0.465364
 -2.022282 -2.079440 -2.772584 -0.385447
 -1.823847 -2.186752 -2.762113 -0.410743
 -2.433613 -1.914819 -2.344382 -0.401963
 -1.027661 -1.916921 -2.610065 -0.863773
 -1.012670 -2.021333 -1.871801 -1.048602
 -0.849991 -2.623049 -2.255328 -0.928462
 -1.822926 -1.484859 -1.430582 -0.986864
 -1.761454 -0.191596 -5.966048 -15.176488
 -2.057868 -0.147424 -4.672797 -14.981783
 -1.401608 -0.298890 -4.409739 -15.006399
 -1.692129 -0.219184 -4.366266 -15.656061
 -0.000001 -14.930654 -14.930654 -14.930654
 -0.000000 -16.417459 -16.417459 -16.417459
 -0.000019 -11.982954 -11.982954 -11.982954
 -1.386294 -1.386294 -1.386294 -1.386294
 -16.630920 -16.630920 -0.000000 -16.630920
 -1.386294 -1.386294 -1.386294 -1.386294
 -1.386294 -1.386294 -1.386294 -1.386294
 -1.386294 -1.386294 -1.386294 -1.386294
 -1.386294 -1.386294 -1.386294 -1.386294
 -1.386294 -1.386294 -1.386294 -1.386294
 -1.265721 -2.909719 -0.597293 -2.178832
 -1.386294 -1.386294 -1.386294 -1.386294
 -1.590510 -1.950165 -1.520129 -0.831849
 -1.738269 -1.871799 -1.945907 -0.639661
 -1.224864 -1.971256 -1.963473 -0.852024
 -2.246012 -1.658227 -1.252763 -0.872300
 -1.128918 -1.652646 -1.733772 -1.176171
 -1.082418 -2.035521 -1.651110 -1.082418
 -1.018313 -1.916253 -1.749199 -1.146567
 -1.814106 -1.664810 -1.332518 -0.957170
 -1.176955 0.000100 0.000100 0.000100
 -1.668805 0.000100 0.000100 0.000100
 -1.619923 0.000100 0.000100 0.000100
 -1.186139 0.000100 0.000100 0.000100
 -1.113580 -1.760870 -1.373802 -1.400065
 -0.991902 -1.875728 -1.731972 -1.207475
 -1.014792 -1.829729 -1.628213 -1.270165
 -1.680708 -1.497754 -1.254290 -1.187943
 -1.098764 -1.720585 -1.491402 -1.336746
 -0.997307 -1.712712 -1.780024 -1.265428
 -0.981260 -1.741486 -1.626043 -1.373593
 -1.686221 -1.467672 -1.390711 -1.092365
 -1.067274 -1.750603 -1.554325 -1.305438
 -0.934727 -1.851243 -1.849369 -1.227826
 -0.959785 -1.826752 -1.717258 -1.285430
 -1.642827 -1.511777 -1.401754 -1.079148
 -1.096299 -1.795221 -1.359891 -1.414220
 -0.935137 -1.899319 -1.722603 -1.275839
 -0.986209 -1.846885 -1.562918 -1.347995
 -1.669101 -1.550345 -1.210931 -1.199021
 -1.110764 -1.717662 -1.502115 -1.314723
 -0.995936 -1.754993 -1.759885 -1.252990
 -0.996981 -1.731023 -1.615715 -1.365878
 -1.698714 -1.504098 -1.362209 -1.082436
 -1.105569 -1.742641 -1.538223 -1.275978
 -0.963357 -1.857559 -1.832491 -1.196260
 -0.995936 -1.749868 -1.742065 -1.267029
 -1.719331 -1.507287 -1.376258 -1.059058
 -1.195487 -1.686421 -1.340292 -1.384324
 -0.983192 -1.845191 -1.700662 -1.254118
 -1.036992 -1.778108 -1.563133 -1.320341
 -1.696936 -1.485753 -1.236297 -1.204085
 -1.141967 -1.638386 -1.491572 -1.341330
 -1.050054 -1.722155 -1.749740 -1.212068
 -1.036897 -1.652691 -1.606105 -1.373396
 -1.728253 -1.466640 -1.332281 -1.115255
 -1.114625 -1.704035 -1.527878 -1.298217
 -1.004914 -1.816463 -1.890143 -1.138578
 -1.030508 -1.718891 -1.762453 -1.230022
 -1.671876 -1.482531 -1.374782 -1.102172
 -1.171694 -1.711957 -1.352972 -1.381605
 -0.982144 -1.831463 -1.768976 -1.221438
 -1.038728 -1.824482 -1.589803 -1.270010
 -1.625967 -1.513441 -1.238807 -1.226226
 -1.124596 -1.677018 -1.494799 -1.331836
 -1.008408 -1.697854 -1.777532 -1.262061
 -0.976736 -1.735185 -1.627439 -1.383648
 -1.631226 -1.479044 -1.360585 -1.139608
 -1.098465 -1.761915 -1.508911 -1.295536
 -0.972073 -1.839170 -1.865908 -1.177665
 -0.952135 -1.857801 -1.761604 -1.250717
 -1.643670 -1.470174 -1.389303 -1.115974
 -1.144286 -1.769947 -1.330816 -1.398589
 -0.975271 -1.850872 -1.740797 -1.236395
 -0.975606 -1.845163 -1.605352 -1.330982
 -1.648758 -1.511938 -1.219085 -1.231931
 -1.115677 -1.683984 -1.525263 -1.312636
 -0.995276 -1.742528 -1.762151 -1.260098
 -1.003670 -1.697452 -1.610461 -1.384204
 -1.661526 -1.457637 -1.395324 -1.109838
 -1.058709 -1.745905 -1.576702 -1.302122
 -0.942137 -1.901673 -1.849099 -1.192346
 -0.930382 -1.766391 -1.819869 -1.299745
 -1.652536 -1.487865 -1.411568 -1.082282
 -1.112532 -1.754730 -1.392856 -1.386471
 -0.935781 -1.881077 -1.801785 -1.236873
 -0.978918 -1.775595 -1.689318 -1.308390
 -1.616766 -1.515244 -1.292692 -1.180338
 -1.135414 -1.650685 -1.496289 -1.336237
 -0.996378 -1.760303 -1.832768 -1.207905
 -0.972106 -1.702113 -1.674640 -1.378163
 -1.693082 -1.422068 -1.393709 -1.118773
 -1.066733 -1.659384 -1.587939 -1.342214
 -0.941833 -1.797920 -1.900880 -1.220755
 -0.968856 -1.669850 -1.795109 -1.323888
 -1.649249 -1.404904 -1.454581 -1.111950
 -1.035679 -1.802337 -1.441094 -1.412914
 -0.933254 -1.863905 -1.823112 -1.237392
 -0.962436 -1.825113 -1.640186 -1.335999
 -1.630467 -1.442760 -1.305794 -1.214260
 -1.038131 -1.701630 -1.529322 -1.399114
 -0.982156 -1.777442 -1.774505 -1.248762
 -0.937122 -1.685839 -1.660343 -1.457216
 -1.630076 -1.478426 -1.353382 -1.146572
 -1.116417 -1.758195 -1.647485 -1.178760
 -0.952373 -1.954483 -2.053582 -1.066349
 -1.049488 -1.759189 -1.749959 -1.190999
 -1.651327 -1.549523 -1.472408 -1.003803
 -1.181278 -1.689172 -1.147240 -1.655852
 -0.969016 -1.766810 -1.643746 -1.360970
 -1.035154 -1.814985 -1.481141 -1.368023
 -1.696070 -1.346615 -1.098027 -1.500810
 -0.835896 -1.349882 -1.180116 -19.350796
 -0.746767 -1.307505 -1.364104 -19.001274
 -0.755970 -1.551953 -1.143785 -19.336811
 -1.391866 -0.959540 -0.998803 -19.103676
 0.000000 -19.704832 -19.704832 -19.704832
 0.000000 -19.307955 -19.307955 -19.307955
 0.000000 -19.436346 -19.436346 -19.436346
 -1.386294 -1.386294 -1.386294 -1.386294
 -20.595581 -20.595581 0.000000 -20.595581
 -1.386294 -1.386294 -1.386294 -1.386294
 -1.386294 -1.386294 -1.386294 -1.386294
 -1.386294 -1.386294 -1.386294 -1.386294
 -1.386294 -1.386294 -1.386294 -1.386294
 -1.386294 -1.386294 -1.386294 -1.386294
 -1.061793 -1.676005 -1.750089 -1.226606
 -1.386294 -1.386294 -1.386294 -1.386294
 -1.035775 -1.685808 -1.572606 -1.377333
 -0.938641 -2.069112 -2.092952 -1.023819
 -0.740617 -1.853595 -2.062647 -1.429659
 -1.473049 -1.478641 -1.428913 -1.193171
 -1.120287 -1.687253 -1.309680 -1.519230
 -1.035110 -1.808651 -1.645065 -1.245012
 -1.032330 -1.801580 -1.554524 -1.318650
 -1.683819 -1.456091 -1.270866 -1.201968
