 -1.266641 0.000100 0.000100 0.000100
 -1.694085 0.000100 0.000100 0.000100
 -1.772047 0.000100 0.000100 0.000100
 -1.009307 0.000100 0.000100 0.000100
 -1.302913 -1.263692 -2.270494 -1.071802
 -1.203973 -1.742968 -2.014900 -0.937345
 -1.098613 -1.876315 -2.224619 -0.902869
 -1.446919 -1.601069 -1.945909 -0.867101
 -1.144335 -1.721649 -1.753398 -1.109849
 -1.035434 -1.982812 -2.219200 -0.919922
 -1.027155 -1.829497 -1.829497 -1.136354
 -1.570971 -1.670062 -1.803593 -0.822765
 -1.429779 -1.625523 -1.770705 -0.932378
 -0.957300 -1.828125 -2.153545 -1.080914
 -0.901550 -2.312529 -2.050167 -1.004204
 -1.578185 -1.418555 -1.522096 -1.098613
 -1.209513 -1.414307 -2.107452 -1.087624
 -1.147403 -1.540444 -2.438381 -0.965082
 -0.943199 -2.424796 -1.837014 -1.013817
 -1.443705 -1.579837 -1.559218 -1.056590
 -1.028584 -1.573810 -2.004592 -1.202248
 -1.053151 -1.969438 -2.294858 -0.889522
 -0.867502 -2.040217 -2.302579 -1.049823
 -1.364880 -1.858898 -1.453434 -1.035699
 -1.211755 -1.657065 -1.936649 -1.001191
 -1.453953 -1.728388 -2.187917 -0.741005
 -0.897061 -2.332138 -2.149818 -0.971169
 -1.537525 -1.668145 -1.335001 -1.098613
 -1.203973 -1.504077 -1.934859 -1.098613
 -1.063827 -2.242476 -2.088327 -0.856188
 -1.081371 -2.347031 -1.911716 -0.873732
 -1.812378 -1.589235 -1.406914 -0.947382
 -1.255674 -1.592146 -1.780198 -1.069958
 -1.063827 -2.088327 -1.837014 -0.989719
 -0.955513 -2.197220 -2.197220 -0.933534
 -1.741263 -1.811880 -1.366570 -0.900481
 -1.592630 -1.369487 -1.998094 -0.899484
 -1.376633 -1.995668 -1.995668 -0.742911
 -1.036093 -2.047690 -2.112228 -0.928462
 -1.585627 -1.688811 -1.474401 -0.963577
 -1.249584 -1.392684 -2.283653 -1.013195
 -1.330055 -1.537694 -1.962575 -0.967150
 -1.299283 -1.609437 -2.061419 -0.916292
 -1.729582 -1.647904 -1.289271 -1.036435
 -1.165752 -1.818075 -1.858897 -0.993902
 -1.343735 -1.982812 -1.931519 -0.784120
 -0.980830 -2.302580 -3.178037 -0.727050
 -1.533553 -1.958435 -1.424354 -0.910087
 -1.209513 -1.732760 -1.902659 -0.978990
 -0.973451 -2.014899 -2.302578 -0.944463
 -0.935161 -2.033768 -2.274928 -0.983951
 -1.442384 -2.033251 -1.326312 -1.001651
 -1.162126 -1.662081 -2.328557 -0.916291
 -1.109309 -2.145395 -2.058384 -0.854417
 -0.916292 -2.484900 -1.954276 -0.980830
 -1.585145 -2.095969 -1.386294 -0.862440
 -1.295781 -1.636106 -2.202499 -0.864998
 -0.921990 -2.531417 -2.174746 -0.893820
 -0.977777 -2.494116 -2.611897 -0.759524
 -2.086987 -1.999976 -1.214049 -0.812812
 -1.497885 -1.749199 -1.990360 -0.763917
 -1.310583 -2.003726 -2.090736 -0.750969
 -1.438480 -1.998093 -1.880311 -0.745335
 -2.186752 -2.155980 -1.362030 -0.662057
 -1.353505 -2.302580 -2.389591 -0.597839
 -1.444114 -2.003726 -1.780584 -0.775066
 -1.824548 -2.422380 -2.335370 -0.425834
 -2.436114 -2.334332 -1.225026 -0.650328
 -1.237875 -2.207270 -2.407938 -0.673347
 -1.704746 -1.887066 -1.791756 -0.693150
 -1.586964 -2.317848 -1.992428 -0.578739
 -2.345756 -2.208555 -1.092995 -0.778368
 -1.734599 -1.580450 -1.985912 -0.733154
 -1.457246 -1.892560 -1.892560 -0.764101
 -1.342674 -1.798148 -2.283653 -0.752182
 -1.987250 -2.245079 -1.196730 -0.787835
 -1.843051 -1.651997 -2.484900 -0.567986
 -1.526056 -1.813736 -2.219198 -0.671643
 -1.931519 -1.791758 -1.836210 -0.636796
 -2.346435 -1.821912 -1.098613 -0.893452
 -1.341843 -2.079437 -2.079437 -0.716139
 -1.299283 -1.867265 -2.061419 -0.808662
 -1.561647 -2.129628 -1.918320 -0.645358
 -2.187654 -1.735669 -1.665465 -0.649254
 -0.659812 -0.858663 -2.824764 -13.981029
 -0.916292 -0.693149 -2.302579 -13.815515
 -0.464308 -1.321756 -2.256060 -13.864305
 -1.310456 -0.836249 -1.214125 -15.009434
 -0.891218 -0.891218 -1.716535 -14.755519
 -0.789935 -1.339439 -1.258314 -14.812461
 -0.758746 -1.578185 -1.122710 -14.046625
 -1.386294 -1.386294 -1.386294 -1.386294
 -14.869824 -14.869824 -14.869824 -0.000001
 -14.518610 -14.518610 -14.518610 -0.000001
 -14.310209 -14.310209 -14.310209 -0.000002
 -1.386294 -1.386294 -1.386294 -1.386294
 -1.386294 -1.386294 -1.386294 -1.386294
 -1.386294 -1.386294 -1.386294 -1.386294
 -1.386294 -1.386294 -1.386294 -1.386294
 -0.000001 -15.691918 -15.691918 -15.691918
 -15.691918 -15.691918 -0.000000 -15.691918
 -1.386294 -1.386294 -1.386294 -1.386294
 -1.386294 -1.386294 -1.386294 -1.386294
 -1.386294 -1.386294 -1.386294 -1.386294
 -1.386294 -1.386294 -1.386294 -1.386294
 -1.386294 -1.386294 -1.386294 -1.386294
 -1.148859 -3.346079 -0.626505 -2.177511
 -1.386294 -1.386294 -1.386294 -1.386294
 -1.669157 -1.749199 -1.669157 -0.800120
 -2.036866 -2.036866 -2.036866 -0.496447
 -1.154592 -2.070881 -1.744198 -0.957233
 -2.358146 -1.819155 -1.308333 -0.748720
 -1.431318 -2.024379 -1.736699 -0.792239
 -1.186582 -2.474427 -1.186582 -1.186582
 -1.098613 -2.104131 -1.444888 -1.174599
 -1.509527 -1.982814 -1.066524 -1.213682
 -1.177805 0.000100 0.000100 0.000100
 -1.698117 0.000100 0.000100 0.000100
 -1.508819 0.000100 0.000100 0.000100
 -1.245325 0.000100 0.000100 0.000100
 -1.097653 -1.680559 -1.432974 -1.420974
 -1.064469 -1.678835 -1.678835 -1.266181
 -0.973725 -1.834087 -1.564347 -1.373014
 -1.679642 -1.467022 -1.333769 -1.141105
 -1.087455 -1.739491 -1.662016 -1.212136
 -0.993405 -1.737410 -1.971483 -1.156897
 -1.055168 -1.776433 -1.746469 -1.176887
 -1.678122 -1.449215 -1.477189 -1.049129
 -1.166843 -1.678188 -1.474453 -1.298152
 -0.970531 -1.913822 -1.780948 -1.187036
 -1.026935 -1.800493 -1.709105 -1.218572
 -1.570199 -1.496891 -1.277496 -1.239818
 -1.178039 -1.724147 -1.337270 -1.381380
 -0.971127 -1.814951 -1.649766 -1.322744
 -1.070661 -1.752336 -1.525397 -1.323075
 -1.558017 -1.460718 -1.352051 -1.208423
 -1.115461 -1.737718 -1.602094 -1.221321
 -0.983949 -1.746089 -1.889877 -1.201898
 -1.021582 -1.793623 -1.732121 -1.215000
 -1.527803 -1.540445 -1.537904 -1.038822
 -1.114742 -1.716107 -1.506669 -1.307157
 -0.937019 -2.013295 -1.817015 -1.164278
 -1.017072 -1.925848 -1.714539 -1.162995
 -1.622778 -1.498885 -1.247335 -1.230995
 -1.280256 -1.614292 -1.404375 -1.282000
 -1.018251 -1.734601 -1.739307 -1.249454
 -1.040131 -1.711055 -1.564785 -1.359522
 -1.558271 -1.447171 -1.356946 -1.214630
 -1.213023 -1.594758 -1.540955 -1.253273
 -1.056236 -1.732646 -1.904237 -1.119369
 -1.118221 -1.659199 -1.683297 -1.213729
 -1.729863 -1.499602 -1.469332 -0.995894
 -1.190714 -1.626978 -1.421687 -1.354151
 -0.985758 -1.809617 -1.837016 -1.191271
 -1.031106 -1.745307 -1.788792 -1.198539
 -1.620590 -1.524856 -1.199669 -1.261349
 -1.173145 -1.640555 -1.433078 -1.354169
 -1.068330 -1.594939 -1.737166 -1.282011
 -1.058797 -1.610083 -1.659680 -1.335388
 -1.620430 -1.517968 -1.318378 -1.153721
 -1.109780 -1.710824 -1.632932 -1.223170
 -1.034119 -1.850666 -1.937258 -1.069356
 -1.006492 -1.816518 -1.753505 -1.208168
 -1.694478 -1.652158 -1.482346 -0.922397
 -1.093245 -1.860613 -1.434400 -1.305499
 -1.030804 -2.000635 -1.728701 -1.107101
 -1.083843 -1.800411 -1.705531 -1.155817
 -1.494609 -1.680487 -1.295015 -1.153639
 -1.104495 -1.694053 -1.395131 -1.439493
 -0.941378 -1.781007 -1.723848 -1.335361
 -0.997330 -1.724318 -1.592146 -1.388882
 -1.555115 -1.557417 -1.324186 -1.164317
 -1.081286 -1.701918 -1.704512 -1.215215
 -0.944574 -1.886441 -1.950634 -1.147717
 -1.026054 -1.737155 -1.762845 -1.224158
 -1.739968 -1.548227 -1.548227 -0.918231
 -1.096225 -1.945432 -1.439300 -1.252285
 -0.944116 -1.992161 -2.004066 -1.079427
 -0.989894 -1.907289 -1.753928 -1.181530
 -1.518407 -1.652823 -1.272837 -1.173137
 -1.130742 -1.778167 -1.346965 -1.393398
 -0.974327 -1.607576 -1.785257 -1.368742
 -1.026946 -1.649730 -1.501070 -1.483212
 -1.570736 -1.488559 -1.387257 -1.149956
 -1.064662 -1.690981 -1.685718 -1.253493
 -0.944139 -1.785010 -2.038890 -1.161497
 -0.955259 -1.690323 -1.735865 -1.368141
 -1.585234 -1.558423 -1.469870 -1.036548
 -1.197788 -1.726313 -1.380411 -1.314069
 -0.906123 -1.989290 -1.810808 -1.218757
 -1.068571 -1.875420 -1.532982 -1.247161
 -1.598727 -1.584304 -1.187628 -1.245448
 -1.249550 -1.477455 -1.392253 -1.441242
 -1.048851 -1.718016 -1.685379 -1.255744
 -1.035927 -1.590869 -1.567407 -1.457709
 -1.704748 -1.358472 -1.318626 -1.225449
 -1.016415 -1.576749 -1.804299 -1.320977
 -1.061983 -1.722900 -2.030683 -1.065844
 -1.121056 -1.552139 -1.810320 -1.208422
 -1.698517 -1.447203 -1.567707 -0.985385
 -0.706886 -1.583937 -1.198465 -16.836910
 -0.466333 -1.773539 -1.594696 -16.464520
 -0.578002 -1.662628 -1.388932 -16.248247
 -1.106518 -1.228511 -0.976669 -16.887741
 -0.950542 -1.366805 -1.025691 -17.297365
 -0.782511 -1.317788 -1.290924 -16.529543
 -0.804461 -1.184036 -1.399866 -16.812742
 -1.386294 -1.386294 -1.386294 -1.386294
 -17.162956 -17.162956 -17.162956 -0.000000
 -16.731117 -16.731117 -16.731117 -0.000000
 -16.848057 -16.848057 -16.848057 -0.000000
 -1.386294 -1.386294 -1.386294 -1.386294
 -1.386294 -1.386294 -1.386294 -1.386294
 -1.386294 -1.386294 -1.386294 -1.386294
 -1.386294 -1.386294 -1.386294 -1.386294
 0.000000 -18.029711 -18.029711 -18.029711
 -18.029711 -18.029711 0.000000 -18.029711
 -1.386294 -1.386294 -1.386294 -1.386294
 -1.386294 -1.386294 -1.386294 -1.386294
 -1.386294 -1.386294 -1.386294 -1.386294
 -1.386294 -1.386294 -1.386294 -1.386294
 -1.386294 -1.386294 -1.386294 -1.386294
 -0.966542 -1.724305 -1.963961 -1.200627
 -1.386294 -1.386294 -1.386294 -1.386294
 -1.102897 -1.728144 -1.410288 -1.400779
 -0.979172 -2.219867 -1.959266 -0.981382
 -0.761839 -2.076285 -1.965059 -1.318075
 -1.522918 -1.573737 -1.338346 -1.163544
 -1.224231 -1.639042 -1.252535 -1.486906
 -1.123726 -1.782063 -1.582350 -1.200142
 -1.018622 -1.877964 -1.463611 -1.368032
 -1.739505 -1.470733 -1.310308 -1.124242
