 -1.347074 0.000100 0.000100 0.000100
 -1.578666 0.000100 0.000100 0.000100
 -1.905488 0.000100 0.000100 0.000100
 -0.954512 0.000100 0.000100 0.000100
 -1.020051 -1.726619 -1.970241 -1.132846
 -1.011602 -1.773740 -2.215571 -1.028409
 -1.065552 -2.006532 -2.476532 -0.827881
 -1.945909 -1.481604 -1.467420 -0.917916
 -1.174120 -1.543480 -2.061421 -1.049823
 -1.085455 -1.616082 -2.184063 -1.046989
 -1.325670 -1.856296 -1.907589 -0.844698
 -1.969440 -1.444430 -1.430444 -0.953521
 -1.010320 -1.746638 -1.776491 -1.229949
 -1.029620 -2.233589 -2.233589 -0.847299
 -0.869605 -2.347701 -2.140063 -1.000633
 -1.664059 -1.795087 -1.403045 -0.919619
 -1.106809 -2.035521 -1.763588 -1.001449
 -1.189585 -1.449095 -2.260020 -1.031361
 -1.164571 -2.176168 -1.904236 -0.854416
 -1.622906 -1.730151 -1.510789 -0.904654
 -1.230189 -1.700192 -1.892563 -0.982353
 -1.001884 -1.633154 -2.143976 -1.138459
 -0.837887 -2.383806 -1.813264 -1.164571
 -1.480323 -1.914361 -1.412270 -0.963880
 -1.111035 -1.708871 -1.779489 -1.136353
 -1.236763 -1.929907 -2.047690 -0.831299
 -0.863299 -2.282378 -2.505520 -0.929991
 -1.630640 -1.805843 -1.407497 -0.928604
 -1.111516 -1.694120 -1.928959 -1.073295
 -1.036093 -1.824548 -2.047690 -1.036093
 -1.042655 -2.295412 -2.536572 -0.760088
 -1.451053 -1.653289 -1.570598 -1.004203
 -1.128088 -1.477464 -1.988288 -1.167309
 -1.098613 -2.132683 -1.647177 -1.034075
 -0.970135 -2.335370 -2.181220 -0.888457
 -1.469676 -1.678430 -1.203973 -1.261131
 -1.132658 -1.626315 -2.340967 -0.954676
 -0.964183 -2.161882 -1.889950 -1.042655
 -0.982877 -2.695848 -2.149308 -0.817085
 -1.750165 -1.945909 -1.187380 -0.971861
 -1.057113 -1.679642 -2.205733 -1.033015
 -1.308333 -1.665007 -1.936939 -0.925342
 -1.105680 -2.316765 -2.247773 -0.766174
 -1.933129 -1.933129 -1.550138 -0.696368
 -1.190986 -1.791758 -2.140064 -0.887304
 -1.059082 -2.335370 -1.824548 -0.928462
 -1.410987 -2.414283 -1.867743 -0.669051
 -2.191509 -2.328710 -1.059282 -0.811647
 -1.247033 -1.791758 -1.495493 -1.133704
 -1.109663 -2.431410 -1.802807 -0.873275
 -1.283110 -2.649981 -1.996058 -0.661060
 -2.032144 -1.800343 -1.235814 -0.884053
 -1.369487 -1.512588 -1.710413 -1.065276
 -1.463255 -2.043071 -1.591088 -0.831985
 -1.104153 -2.425904 -2.063001 -0.791779
 -2.097568 -2.073470 -1.057551 -0.905867
 -1.249844 -1.707675 -1.883566 -0.967277
 -1.020652 -2.406939 -2.001477 -0.880890
 -1.202248 -2.554635 -2.318248 -0.647571
 -2.146238 -1.955183 -1.056438 -0.931795
 -1.436166 -1.665007 -1.786368 -0.902869
 -1.580450 -2.227072 -1.629239 -0.712952
 -1.346629 -3.207369 -2.157557 -0.538172
 -2.302583 -2.165383 -1.184555 -0.735196
 -14.180157 -14.180157 -14.180157 -0.000002
 -13.732133 -13.732133 -13.732133 -0.000003
 -14.375129 -14.375129 -14.375129 -0.000002
 -15.173921 -15.173921 -15.173921 -0.000001
 -1.386294 -1.386294 -1.386294 -1.386294
 -1.386294 -1.386294 -1.386294 -1.386294
 -1.386294 -1.386294 -1.386294 -1.386294
 -2.510223 -2.394151 -0.954512 -0.815315
 -1.341174 -1.871798 -3.075748 -0.619042
 -1.651400 -1.987870 -1.725508 -0.706943
 -1.968899 -2.296111 -1.759807 -0.531604
 -2.978921 -2.131626 -0.858662 -0.899484
 -1.577349 -1.749198 -2.324557 -0.650590
 -1.441557 -1.760009 -1.313724 -1.131403
 -1.497251 -1.805552 -2.344546 -0.661685
 -2.243743 -2.030169 -0.816629 -1.137227
 -1.663925 -2.110210 -2.110210 -0.565315
 -1.149906 -1.843051 -1.568615 -1.149906
 -1.412728 -2.219201 -1.972342 -0.675906
 -2.151132 -2.296314 -0.827578 -1.061571
 -14.260199 -14.260199 -14.260199 -0.000002
 -13.732133 -13.732133 -13.732133 -0.000003
 -14.566929 -14.566929 -14.566929 -0.000001
 -15.039288 -15.039288 -15.039288 -0.000001
 -1.386294 -1.386294 -1.386294 -1.386294
 -1.386294 -1.386294 -1.386294 -1.386294
 -1.386294 -1.386294 -1.386294 -1.386294
 -15.894953 -15.894953 -15.894953 -0.000000
 -1.386294 -1.386294 -1.386294 -1.386294
 -1.386294 -1.386294 -1.386294 -1.386294
 -1.386294 -1.386294 -1.386294 -1.386294
 -15.894953 -15.894953 -15.894953 -0.000000
 -1.386294 -1.386294 -1.386294 -1.386294
 -1.386294 -1.386294 -1.386294 -1.386294
 -1.386294 -1.386294 -1.386294 -1.386294
 -0.000000 -15.894953 -15.894953 -15.894953
 -15.894953 -15.894953 -0.000000 -15.894953
 -1.386294 -1.386294 -1.386294 -1.386294
 -1.386294 -1.386294 -1.386294 -1.386294
 -1.386294 -1.386294 -1.386294 -1.386294
 -1.386294 -1.386294 -1.386294 -1.386294
 -1.386294 -1.386294 -1.386294 -1.386294
 -1.304714 -2.813409 -0.771109 -1.578666
 -1.386294 -1.386294 -1.386294 -1.386294
 -1.529749 -1.666325 -1.529749 -0.973179
 -1.673974 -1.925285 -2.079433 -0.613109
 -1.168571 -2.302583 -1.770368 -0.870078
 -2.014901 -1.970449 -1.640209 -0.628610
 -1.073036 -2.004592 -1.525020 -1.185153
 -0.944463 -2.197220 -1.686398 -1.155771
 -1.045969 -1.861717 -1.629916 -1.213023
 -1.556721 -1.989584 -1.296438 -0.970438
 -1.179560 0.000100 0.000100 0.000100
 -1.720238 0.000100 0.000100 0.000100
 -1.680629 0.000100 0.000100 0.000100
 -1.116861 0.000100 0.000100 0.000100
 -1.165507 -1.701810 -1.446919 -1.307157
 -1.161133 -1.704747 -1.956059 -1.011602
 -1.267434 -1.543686 -1.638996 -1.168994
 -1.672136 -1.509617 -1.348349 -1.104153
 -1.326871 -1.161792 -1.994698 -1.252763
 -0.971862 -2.311630 -1.765090 -1.045970
 -0.989129 -1.751267 -2.156729 -1.082219
 -1.632694 -1.521469 -1.445483 -1.048182
 -1.203973 -1.578666 -1.641186 -1.203973
 -0.969402 -2.045537 -1.662547 -1.198243
 -1.365241 -1.835242 -1.710080 -0.905710
 -1.775498 -1.495914 -1.317666 -1.082352
 -1.098613 -1.854937 -1.379515 -1.352847
 -0.930820 -1.699951 -1.599868 -1.508896
 -1.141538 -1.783390 -1.446919 -1.282616
 -1.520606 -1.842189 -1.359339 -1.004794
 -1.046427 -1.865866 -1.689976 -1.172721
 -0.955513 -2.025949 -1.945907 -1.076874
 -0.883017 -1.945908 -1.754853 -1.306830
 -1.785566 -1.297215 -1.526056 -1.074072
 -1.145133 -1.673976 -1.615135 -1.219241
 -1.118614 -2.417889 -1.781905 -0.877452
 -1.098613 -1.916920 -2.060020 -0.936095
 -1.397855 -1.791758 -1.521469 -1.000173
 -1.068937 -1.646251 -1.585627 -1.350788
 -0.843431 -2.056448 -1.458615 -1.563975
 -1.108369 -2.149818 -1.456675 -1.138222
 -1.481604 -1.550597 -1.396447 -1.161133
 -1.261472 -1.569772 -1.934414 -1.010158
 -0.813513 -2.089800 -2.176811 -1.140725
 -1.082988 -1.848453 -1.899746 -1.037526
 -1.438938 -1.648658 -1.438938 -1.098613
 -1.104444 -1.746296 -2.151760 -0.973108
 -0.871397 -2.020015 -1.812377 -1.252764
 -1.430746 -1.749198 -1.813736 -0.858229
 -1.588711 -1.641355 -1.445611 -1.003779
 -1.177084 -1.773066 -1.240263 -1.457986
 -1.009001 -2.166448 -1.731133 -1.067842
 -1.163152 -1.619908 -1.856295 -1.098613
 -1.752919 -1.697349 -1.282916 -1.004203
 -1.242747 -1.708108 -1.569959 -1.132746
 -0.782097 -2.145395 -1.835242 -1.324419
 -1.184268 -1.806796 -1.639742 -1.091178
 -1.673976 -1.673976 -1.559566 -0.880025
 -1.268512 -1.491655 -1.386294 -1.411612
 -1.066865 -2.230009 -1.760009 -0.977253
 -1.257361 -1.918757 -1.858132 -0.884687
 -1.755765 -1.641355 -1.320448 -1.003779
 -1.077560 -1.857716 -1.337842 -1.422399
 -1.129385 -1.822529 -1.550597 -1.193923
 -0.970135 -1.684786 -1.987066 -1.209364
 -1.807759 -1.391599 -1.290504 -1.164210
 -1.255933 -1.451677 -1.628607 -1.255933
 -1.126784 -1.591088 -1.737691 -1.216396
 -1.130616 -1.476891 -1.848453 -1.233270
 -1.742968 -1.578666 -1.361602 -1.014732
 -1.266277 -1.745849 -1.153799 -1.477586
 -1.240443 -1.962575 -1.499953 -1.058122
 -1.126012 -2.224619 -2.001477 -0.838331
 -1.889396 -1.969439 -1.069958 -1.004360
 -14.144817 -14.144817 -14.144817 -0.000002
 -13.579793 -13.579793 -13.579793 -0.000004
 -14.207556 -14.207556 -14.207556 -0.000002
 -14.441451 -14.441451 -14.441451 -0.000002
 -1.386294 -1.386294 -1.386294 -1.386294
 -1.386294 -1.386294 -1.386294 -1.386294
 -1.386294 -1.386294 -1.386294 -1.386294
 -1.896517 -1.471171 -1.432556 -0.963500
 -1.585626 -1.585626 -1.283347 -1.160745
 -1.106518 -1.799663 -1.708692 -1.130616
 -1.586964 -1.481604 -1.481604 -1.076140
 -1.825497 -1.501710 -1.192975 -1.162204
 -1.321756 -1.529395 -1.290985 -1.420196
 -0.983733 -2.036879 -1.449095 -1.343735
 -0.971352 -2.108426 -2.051268 -0.990400
 -1.518222 -1.444114 -1.249958 -1.353142
 -1.166751 -1.621486 -1.621486 -1.226174
 -0.941610 -1.771955 -1.469676 -1.560647
 -1.248895 -1.640936 -2.374900 -0.852480
 -1.878190 -1.392684 -1.085955 -1.342674
 -14.234223 -14.234223 -14.234223 -0.000002
 -13.946543 -13.946543 -13.946543 -0.000003
 -14.006134 -14.006134 -14.006134 -0.000002
 -14.322330 -14.322330 -14.322330 -0.000002
 -1.386294 -1.386294 -1.386294 -1.386294
 -1.386294 -1.386294 -1.386294 -1.386294
 -1.386294 -1.386294 -1.386294 -1.386294
 -15.525700 -15.525700 -15.525700 -0.000001
 -1.386294 -1.386294 -1.386294 -1.386294
 -1.386294 -1.386294 -1.386294 -1.386294
 -1.386294 -1.386294 -1.386294 -1.386294
 -15.525700 -15.525700 -15.525700 -0.000001
 -1.386294 -1.386294 -1.386294 -1.386294
 -1.386294 -1.386294 -1.386294 -1.386294
 -1.386294 -1.386294 -1.386294 -1.386294
 -0.000001 -15.525700 -15.525700 -15.525700
 -15.525700 -15.525700 -0.000001 -15.525700
 -1.386294 -1.386294 -1.386294 -1.386294
 -1.386294 -1.386294 -1.386294 -1.386294
 -1.386294 -1.386294 -1.386294 -1.386294
 -1.386294 -1.386294 -1.386294 -1.386294
 -1.386294 -1.386294 -1.386294 -1.386294
 -1.191394 -1.553184 -2.110665 -1.012053
 -1.386294 -1.386294 -1.386294 -1.386294
 -1.172721 -1.386294 -1.627456 -1.410392
 -0.736824 -2.564942 -2.197220 -1.098613
 -0.738960 -1.719784 -2.125244 -1.496642
 -1.614425 -1.614425 -1.776943 -0.837398
 -1.018570 -1.727220 -1.408767 -1.529395
 -1.168994 -2.149818 -1.233532 -1.267434
 -1.145133 -2.280106 -1.386294 -1.110042
 -2.159482 -1.419817 -1.677645 -0.785167
