 -1.039313 0.000100 0.000100 0.000100
 -1.477113 0.000100 0.000100 0.000100
 -1.837820 0.000100 0.000100 0.000100
 -1.351536 0.000100 0.000100 0.000100
 -0.808661 -1.782709 -2.097789 -1.333185
 -0.812694 -1.697729 -2.390873 -1.266948
 -0.788459 -1.299283 -2.803348 -1.550597
 -1.417843 -1.343735 -1.903349 -1.056053
 -0.697238 -1.672616 -2.505522 -1.458207
 -0.578739 -1.887068 -3.496485 -1.356441
 -0.637580 -2.051265 -2.302577 -1.415282
 -1.213543 -1.194494 -2.120261 -1.272966
 -14.862831 -1.037369 -1.362030 -0.942959
 -14.062374 -1.355523 -1.296682 -0.757687
 -13.161592 -0.583952 -2.341793 -1.060874
 -14.266589 -0.881860 -1.559738 -0.978709
 -1.386294 -1.386294 -1.386294 -1.386294
 -0.896747 -3.483423 -0.756518 -2.384820
 -0.706942 -3.884964 -0.778915 -3.597290
 -1.875842 -3.210835 -0.354374 -2.255330
 -14.523548 -14.523548 -0.000001 -14.523548
 -12.206093 -12.206093 -0.000015 -12.206093
 -15.062544 -15.062544 -0.000001 -15.062544
 -13.142174 -13.142174 -0.000006 -13.142174
 -1.386294 -1.386294 -1.386294 -1.386294
 -1.386294 -1.386294 -1.386294 -1.386294
 -15.643281 -15.643281 -15.643281 -0.000000
 -1.386294 -1.386294 -1.386294 -1.386294
 -1.386294 -1.386294 -1.386294 -1.386294
 -1.386294 -1.386294 -1.386294 -1.386294
 -1.386294 -1.386294 -1.386294 -1.386294
 -0.000001 -15.643281 -15.643281 -15.643281
 -15.643281 -0.586502 -2.289804 -1.071648
 -1.386294 -1.386294 -1.386294 -1.386294
 -1.386294 -1.386294 -1.386294 -1.386294
 -1.386294 -1.386294 -1.386294 -1.386294
 -1.386294 -1.386294 -1.386294 -1.386294
 -1.241269 -2.445239 -0.948599 -1.439719
 -1.147404 -1.840546 -1.147404 -1.578184
 -1.600092 -2.470917 -0.679162 -1.577102
 -1.287088 -1.380178 -1.726453 -1.222550
 -0.969403 -1.170073 -4.060350 -1.227231
 -1.474000 -1.761681 -2.390288 -0.677996
 -1.676376 -1.173274 -1.889950 -1.042655
 -1.246249 -1.223776 -2.465483 -1.098613
 -0.847299 -1.464072 -2.910981 -1.252763
 -1.226446 -1.226446 -3.624296 -0.950194
 -1.558144 -1.139941 -1.845826 -1.165583
 -0.978990 -1.391834 -2.254055 -1.306677
 -1.065823 -1.455287 -2.420364 -1.098613
 -1.293922 -1.729236 -3.433944 -0.661402
 -1.737956 -1.088613 -2.035207 -1.030626
 -0.969901 -1.490434 -2.806104 -1.093133
 -0.788458 -1.773740 -4.007302 -1.028409
 -1.252764 -1.745237 -3.044495 -0.709151
 -1.618916 -1.151894 -2.466211 -0.913936
 -1.128466 -1.467972 -2.545527 -1.000633
 -1.183771 -1.493925 -2.505520 -0.947382
 -1.070445 -3.555259 -2.862162 -0.559622
 -1.826245 -1.320697 -1.967323 -0.838860
 -1.149579 -1.210204 -2.778812 -1.130161
 -0.944463 -1.637608 -2.261759 -1.163151
 -0.965083 -1.745237 -2.351365 -1.052094
 -1.899747 -1.317827 -2.318456 -0.725151
 -1.251468 0.000100 0.000100 0.000100
 -1.703652 0.000100 0.000100 0.000100
 -1.499751 0.000100 0.000100 0.000100
 -1.175346 0.000100 0.000100 0.000100
 -1.218008 -1.761558 -1.556839 -1.134438
 -0.934807 -1.945363 -1.889482 -1.160744
 -1.093711 -1.902644 -1.899654 -1.004480
 -1.586140 -1.717421 -1.371232 -1.016213
 -1.238459 -1.799245 -1.491278 -1.140494
 -1.036700 -2.020392 -1.802769 -1.055749
 -1.146703 -1.942420 -1.808888 -0.980496
 -1.669717 -1.581033 -1.353091 -1.056999
 -17.119095 -1.174163 -1.248180 -0.906599
 -16.648724 -1.283525 -1.320286 -0.785521
 -16.884029 -1.234338 -1.250441 -0.861343
 -17.359364 -1.437284 -1.226380 -0.756992
 -1.386294 -1.386294 -1.386294 -1.386294
 -0.800926 -2.350832 -2.249663 -1.048788
 -0.821012 -2.208100 -2.071795 -1.126564
 -1.645486 -1.750847 -1.437038 -0.926786
 -17.327057 -17.327057 -0.000000 -17.327057
 -16.413002 -16.413002 -0.000000 -16.413002
 -16.648136 -16.648136 -0.000000 -16.648136
 -17.410080 -17.410080 -0.000000 -17.410080
 -1.386294 -1.386294 -1.386294 -1.386294
 -1.386294 -1.386294 -1.386294 -1.386294
 -18.423876 -18.423876 -18.423876 0.000000
 -1.386294 -1.386294 -1.386294 -1.386294
 -1.386294 -1.386294 -1.386294 -1.386294
 -1.386294 -1.386294 -1.386294 -1.386294
 -1.386294 -1.386294 -1.386294 -1.386294
 0.000000 -18.423876 -18.423876 -18.423876
 -18.423876 -1.116718 -1.335759 -0.892357
 -1.386294 -1.386294 -1.386294 -1.386294
 -1.386294 -1.386294 -1.386294 -1.386294
 -1.386294 -1.386294 -1.386294 -1.386294
 -1.386294 -1.386294 -1.386294 -1.386294
 -1.128908 -1.967767 -1.931400 -0.936748
 -1.055579 -1.788731 -1.746550 -1.169692
 -1.737769 -1.598548 -1.573592 -0.880445
 -1.079920 -1.852384 -1.474012 -1.292768
 -1.021908 -1.811008 -1.858032 -1.137486
 -1.044722 -1.951519 -1.597209 -1.191744
 -1.600294 -1.626645 -1.430842 -1.014821
 -1.118891 -1.769218 -1.513478 -1.263195
 -1.035720 -1.777822 -1.798802 -1.169487
 -1.087115 -1.910468 -1.498772 -1.233069
 -1.594340 -1.625398 -1.363277 -1.066233
 -1.066917 -1.807476 -1.561455 -1.265728
 -0.959648 -1.876688 -1.854465 -1.179803
 -0.967655 -1.854958 -1.807529 -1.205613
 -1.533696 -1.554845 -1.313247 -1.190414
 -1.124555 -1.688024 -1.636984 -1.218232
 -1.018745 -1.743946 -1.917834 -1.148229
 -1.022289 -1.654889 -1.782722 -1.269627
 -1.461874 -1.527668 -1.413842 -1.177817
 -1.202264 -1.683645 -1.597641 -1.166621
 -1.051439 -1.771413 -1.738721 -1.188337
 -1.085925 -1.704748 -1.688035 -1.218376
 -1.736818 -1.487602 -1.331353 -1.096953
 -1.133398 -1.698004 -1.584120 -1.238267
 -1.073744 -1.747531 -1.768396 -1.160072
 -1.105680 -1.728983 -1.633192 -1.216571
 -1.652605 -1.499166 -1.417265 -1.070733
