 -1.068035 0.000100 0.000100 0.000100
 -1.459579 0.000100 0.000100 0.000100
 -1.897834 0.000100 0.000100 0.000100
 -1.294299 0.000100 0.000100 0.000100
 -0.866167 -1.801148 -1.964778 -1.294104
 -0.826021 -1.666325 -2.607304 -1.205510
 -0.707537 -1.609437 -2.108426 -1.683545
 -1.254718 -1.201372 -1.934258 -1.311071
 -0.869038 -1.588160 -2.157692 -1.344183
 -0.658577 -2.402930 -2.297570 -1.232862
 -0.601799 -1.526056 -2.953159 -1.700408
 -1.222970 -1.293921 -1.958079 -1.236763
 -15.189227 -1.030126 -1.278406 -1.009073
 -14.441451 -1.380961 -1.542229 -0.625940
 -13.854735 -0.773192 -1.386294 -1.243194
 -14.723771 -0.928462 -1.684787 -0.869039
 -1.386294 -1.386294 -1.386294 -1.386294
 -0.723545 -2.866698 -1.216021 -1.822156
 -0.631994 -2.406942 -1.342234 -2.144579
 -1.776011 -2.063692 -0.545823 -2.084746
 -15.050983 -15.050983 -0.000001 -15.050983
 -13.676253 -13.676253 -0.000003 -13.676253
 -15.139931 -15.139931 -0.000001 -15.139931
 -14.054531 -14.054531 -0.000002 -14.054531
 -1.386294 -1.386294 -1.386294 -1.386294
 -1.386294 -1.386294 -1.386294 -1.386294
 -16.049818 -16.049818 -16.049818 -0.000000
 -1.386294 -1.386294 -1.386294 -1.386294
 -1.386294 -1.386294 -1.386294 -1.386294
 -1.386294 -1.386294 -1.386294 -1.386294
 -1.386294 -1.386294 -1.386294 -1.386294
 -0.000000 -16.049818 -16.049818 -16.049818
 -0.000000 -16.049818 -16.049818 -16.049818
 -1.386294 -1.386294 -1.386294 -1.386294
 -1.386294 -1.386294 -1.386294 -1.386294
 -1.386294 -1.386294 -1.386294 -1.386294
 -1.727489 -2.350839 -0.527742 -1.987446
 -1.386294 -1.386294 -1.386294 -1.386294
 -1.386294 -1.386294 -1.386294 -1.386294
 -1.386294 -1.386294 -1.386294 -1.386294
 -1.220168 -1.068937 -2.339395 -1.327798
 -1.492904 -1.192800 -3.389995 -0.825077
 -1.391754 -1.428933 -2.461586 -0.852150
 -1.450833 -1.593933 -1.556193 -1.045369
 -1.259139 -1.021181 -2.328335 -1.352958
 -0.883768 -1.557112 -2.598562 -1.198479
 -0.869040 -1.236763 -2.335368 -1.642226
 -1.499954 -1.115280 -1.800058 -1.259674
 -1.095134 -1.216831 -2.162973 -1.369023
 -0.987947 -1.407801 -2.697464 -1.153271
 -1.116962 -1.234745 -2.503248 -1.203973
 -1.649443 -0.997969 -1.827691 -1.278584
 -1.156182 -1.249273 -2.477935 -1.156182
 -0.943442 -1.278081 -2.995727 -1.265342
 -1.533930 -1.366876 -2.427741 -0.818312
 -1.335001 -1.117589 -2.117759 -1.239691
 -1.098613 -1.396657 -2.454445 -1.098613
 -0.984499 -1.419817 -2.390594 -1.227445
 -1.002154 -1.804496 -2.066858 -1.073612
 -1.703031 -1.078204 -1.935653 -1.098613
 -1.127496 -1.418847 -1.924782 -1.243906
 -0.967585 -1.570217 -2.225622 -1.190728
 -1.069626 -1.734599 -1.985912 -1.069626
 -1.517455 -1.403045 -1.664059 -1.062720
 -1.154071 0.000100 0.000100 0.000100
 -1.675832 0.000100 0.000100 0.000100
 -1.645105 0.000100 0.000100 0.000100
 -1.189068 0.000100 0.000100 0.000100
 -1.169875 -1.818571 -1.500117 -1.189962
 -0.876956 -1.979145 -1.877016 -1.228542
 -1.066009 -2.009872 -1.879032 -0.997295
 -1.418780 -1.767401 -1.367298 -1.101356
 -1.230134 -1.782995 -1.655371 -1.053854
 -1.152081 -2.032105 -1.779270 -0.956589
 -1.032052 -2.142092 -1.954040 -0.955512
 -1.682619 -1.619819 -1.430277 -0.975679
 -16.106024 -1.212103 -1.315953 -0.834226
 -15.575091 -1.295847 -1.155265 -0.888287
 -15.752813 -1.442605 -1.332986 -0.693147
 -16.405527 -1.433136 -1.323070 -0.702948
 -1.386294 -1.386294 -1.386294 -1.386294
 -0.829279 -2.307946 -2.012232 -1.107205
 -0.937819 -2.033844 -2.081472 -1.041454
 -1.693469 -1.580024 -1.419681 -0.998699
 -16.215223 -16.215223 -0.000000 -16.215223
 -15.550700 -15.550700 -0.000001 -15.550700
 -15.691918 -15.691918 -0.000000 -15.691918
 -16.360258 -16.360258 -0.000000 -16.360258
 -1.386294 -1.386294 -1.386294 -1.386294
 -1.386294 -1.386294 -1.386294 -1.386294
 -17.397919 -17.397919 -17.397919 -0.000000
 -1.386294 -1.386294 -1.386294 -1.386294
 -1.386294 -1.386294 -1.386294 -1.386294
 -1.386294 -1.386294 -1.386294 -1.386294
 -1.386294 -1.386294 -1.386294 -1.386294
 0.000000 -17.397919 -17.397919 -17.397919
 0.000000 -17.397919 -17.397919 -17.397919
 -1.386294 -1.386294 -1.386294 -1.386294
 -1.386294 -1.386294 -1.386294 -1.386294
 -1.386294 -1.386294 -1.386294 -1.386294
 -0.962096 -1.861428 -1.957096 -1.135722
 -1.386294 -1.386294 -1.386294 -1.386294
 -1.386294 -1.386294 -1.386294 -1.386294
 -1.386294 -1.386294 -1.386294 -1.386294
 -1.246596 -1.696052 -1.311978 -1.347746
 -1.048035 -1.982343 -1.662710 -1.133193
 -0.850584 -1.967801 -1.595752 -1.468307
 -1.635755 -1.763588 -1.109056 -1.191069
 -1.070926 -1.622102 -1.497805 -1.443054
 -1.041733 -1.693110 -1.622906 -1.324687
 -0.948040 -1.767067 -1.496295 -1.524599
 -1.850147 -1.457422 -1.288725 -1.095632
 -1.022159 -1.710243 -1.595832 -1.360155
 -0.947677 -1.904638 -1.677729 -1.284874
 -0.917481 -1.717312 -1.792949 -1.368616
 -1.566087 -1.411937 -1.390523 -1.208908
 -1.163815 -1.532723 -1.423524 -1.465783
 -0.878389 -1.966529 -1.785945 -1.283854
 -1.072953 -1.659939 -1.750226 -1.223776
 -1.672951 -1.521145 -1.254816 -1.175327
 -1.136810 -1.603968 -1.533764 -1.338114
 -1.013368 -1.599599 -1.687247 -1.386294
 -1.080263 -1.741207 -1.769780 -1.155771
 -1.649879 -1.568616 -1.211453 -1.197894
 -1.105164 -1.620695 -1.664075 -1.266854
 -1.004584 -1.728983 -1.883133 -1.189987
 -1.209838 -1.671473 -1.776834 -1.065338
 -1.719622 -1.410200 -1.434691 -1.082987
