 -1.126124 0.000100 0.000100 0.000100
 -1.591952 0.000100 0.000100 0.000100
 -1.884089 0.000100 0.000100 0.000100
 -1.138756 0.000100 0.000100 0.000100
 -0.987828 -1.647822 -1.715263 -1.365590
 -0.791129 -1.714797 -2.238043 -1.347074
 -0.826680 -1.284512 -2.153545 -1.774058
 -1.512588 -1.201152 -1.613684 -1.274177
 -0.988612 -0.988612 -1.746296 -2.508434
 -0.653928 -1.232961 -1.986730 -2.967553
 -0.808833 -1.195605 -1.483286 -3.680481
 -1.482686 -0.801516 -1.269112 -3.140904
 -0.000001 -14.852249 -14.852249 -14.852249
 -0.000001 -14.793839 -14.793839 -14.793839
 -0.000002 -14.207556 -14.207556 -14.207556
 -0.000007 -12.923923 -12.923923 -12.923923
 -0.738957 -3.511541 -0.824936 -2.913707
 -1.386294 -1.386294 -1.386294 -1.386294
 -1.386294 -1.386294 -1.386294 -1.386294
 -1.386294 -1.386294 -1.386294 -1.386294
 -15.073973 -15.073973 -0.000001 -15.073973
 -12.301401 -12.301401 -0.000014 -12.301401
 -14.987994 -14.987994 -0.000001 -14.987994
 -12.899230 -12.899230 -0.000007 -12.899230
 -1.386294 -1.386294 -1.386294 -1.386294
 -1.386294 -1.386294 -1.386294 -1.386294
 -15.812929 -15.812929 -15.812929 -0.000000
 -1.386294 -1.386294 -1.386294 -1.386294
 -1.386294 -1.386294 -1.386294 -1.386294
 -1.386294 -1.386294 -1.386294 -1.386294
 -1.386294 -1.386294 -1.386294 -1.386294
 -15.812929 -1.697313 -0.559955 -1.404091
 -1.386294 -1.386294 -1.386294 -1.386294
 -0.535829 -2.420363 -2.420363 -1.439539
 -0.411422 -2.304962 -3.644729 -1.553996
 -1.039615 -1.484925 -2.800595 -1.024110
 -15.255346 -15.255346 -0.000001 -15.255346
 -13.764221 -13.764221 -0.000003 -13.764221
 -12.736712 -12.736712 -0.000009 -12.736712
 -14.436090 -14.436090 -0.000002 -14.436090
 -1.386294 -1.386294 -1.386294 -1.386294
 -1.386294 -1.386294 -1.386294 -1.386294
 -1.376841 -2.113951 -2.710766 -0.579141
 -1.386294 -1.386294 -1.386294 -1.386294
 -1.293921 -1.929908 -2.392530 -0.714888
 -1.121342 -2.090736 -2.003726 -0.877720
 -0.896091 -1.493924 -3.198631 -1.119233
 -1.818754 -1.296060 -1.849060 -0.899484
 -1.289353 -1.356794 -2.122259 -1.057552
 -1.098613 -1.374024 -2.379542 -1.136353
 -1.009001 -1.731133 -2.618428 -0.953432
 -2.029430 -1.399198 -1.871801 -0.759397
 -1.200192 -1.586965 -1.615135 -1.219241
 -1.156432 -1.444114 -2.696871 -0.962277
 -1.065824 -1.860750 -2.708038 -0.836250
 -1.672839 -1.249356 -1.830024 -1.007344
 -1.010320 -1.535330 -2.181955 -1.178655
 -1.145133 -1.532897 -2.174749 -1.043350
 -1.171184 -1.832579 -2.525720 -0.798509
 -1.651670 -1.393842 -1.712295 -0.968376
 -1.122827 -2.084236 -1.815973 -0.947886
 -0.810931 -1.686398 -3.008145 -1.136353
 -1.119233 -2.505517 -2.639047 -0.653144
 -1.530544 -1.480113 -1.678963 -0.995868
 -1.199627 0.000100 0.000100 0.000100
 -1.766496 0.000100 0.000100 0.000100
 -1.513237 0.000100 0.000100 0.000100
 -1.179063 0.000100 0.000100 0.000100
 -1.298982 -1.491956 -1.504077 -1.272837
 -0.995803 -2.011723 -1.706341 -1.154273
 -1.075398 -1.775818 -1.671918 -1.198631
 -1.906009 -1.454024 -1.215842 -1.135570
 -1.013392 -1.720724 -1.132937 -1.995160
 -1.011261 -1.555084 -1.428025 -1.685854
 -1.082219 -1.771887 -1.286380 -1.537694
 -1.718292 -1.316166 -1.127732 -1.475346
 -0.000000 -16.221556 -16.221556 -16.221556
 -0.000000 -15.860620 -15.860620 -15.860620
 -0.000000 -16.200598 -16.200598 -16.200598
 -0.000001 -15.769957 -15.769957 -15.769957
 -1.138312 -1.665124 -1.932393 -1.062264
 -1.386294 -1.386294 -1.386294 -1.386294
 -1.386294 -1.386294 -1.386294 -1.386294
 -1.386294 -1.386294 -1.386294 -1.386294
 -16.281065 -16.281065 -0.000000 -16.281065
 -15.754252 -15.754252 -0.000000 -15.754252
 -15.486984 -15.486984 -0.000001 -15.486984
 -16.357113 -16.357113 -0.000000 -16.357113
 -1.386294 -1.386294 -1.386294 -1.386294
 -1.386294 -1.386294 -1.386294 -1.386294
 -17.419376 -17.419376 -17.419376 -0.000000
 -1.386294 -1.386294 -1.386294 -1.386294
 -1.386294 -1.386294 -1.386294 -1.386294
 -1.386294 -1.386294 -1.386294 -1.386294
 -1.386294 -1.386294 -1.386294 -1.386294
 -17.419376 -1.416692 -1.264949 -0.743954
 -1.386294 -1.386294 -1.386294 -1.386294
 -0.940142 -2.315007 -2.091864 -0.948800
 -1.182036 -2.290126 -1.844221 -0.834840
 -1.791759 -1.672069 -1.458730 -0.884444
 -16.074144 -16.074144 -0.000000 -16.074144
 -15.466091 -15.466091 -0.000001 -15.466091
 -15.732434 -15.732434 -0.000000 -15.732434
 -16.534172 -16.534172 -0.000000 -16.534172
 -1.386294 -1.386294 -1.386294 -1.386294
 -1.386294 -1.386294 -1.386294 -1.386294
 -1.057551 -1.913770 -1.813775 -1.072553
 -1.386294 -1.386294 -1.386294 -1.386294
 -1.147599 -1.947479 -1.502511 -1.147599
 -1.136211 -1.852614 -1.900816 -0.986998
 -0.898094 -1.841384 -1.940914 -1.236206
 -1.747411 -1.647545 -1.334365 -0.994446
 -1.046264 -2.000137 -1.392069 -1.328496
 -0.943989 -1.798404 -1.624450 -1.392939
 -0.899804 -1.998415 -1.664642 -1.314747
 -1.761718 -1.647055 -1.410666 -0.937378
 -1.081982 -1.734307 -1.625452 -1.245727
 -0.990530 -2.112344 -1.750052 -1.096910
 -1.051545 -1.758581 -1.758581 -1.184092
 -1.716381 -1.519317 -1.515261 -0.963192
 -1.081394 -1.804639 -1.492264 -1.303864
 -1.028408 -1.791759 -1.782709 -1.179034
 -1.011601 -1.844894 -1.743968 -1.192385
 -1.737648 -1.576782 -1.348032 -1.028127
 -1.193830 -2.013976 -1.392803 -1.154844
 -0.986983 -2.002707 -1.884924 -1.077367
 -1.039988 -1.942143 -1.474335 -1.293847
 -1.638605 -1.689190 -1.299573 -1.054312
