 -1.148684 0.000100 0.000100 0.000100
 -1.539111 0.000100 0.000100 0.000100
 -1.965312 0.000100 0.000100 0.000100
 -1.113941 0.000100 0.000100 0.000100
 -1.054161 -1.677349 -1.396447 -1.527067
 -0.746801 -1.602003 -2.156998 -1.565635
 -0.874327 -1.293585 -2.029290 -1.730798
 -1.279959 -1.288769 -1.538820 -1.462280
 -0.871935 -1.208408 -1.756973 -2.201658
 -0.682821 -1.348938 -2.140064 -2.140064
 -0.652326 -1.337504 -1.630491 -3.871183
 -1.432104 -0.956259 -1.530544 -1.829786
 -0.000001 -15.471833 -15.471833 -15.471833
 -0.000001 -15.139931 -15.139931 -15.139931
 -0.000001 -14.590240 -14.590240 -14.590240
 -0.000002 -14.093145 -14.093145 -14.093145
 -16.340439 -2.466659 -0.225348 -2.146492
 -1.386294 -1.386294 -1.386294 -1.386294
 -1.386294 -1.386294 -1.386294 -1.386294
 -1.386294 -1.386294 -1.386294 -1.386294
 -1.386294 -1.386294 -1.386294 -1.386294
 -13.873783 -13.873783 -0.000003 -13.873783
 -16.115091 -16.115091 -0.000000 -16.115091
 -14.193950 -14.193950 -0.000002 -14.193950
 -1.386294 -1.386294 -1.386294 -1.386294
 -1.386294 -1.386294 -1.386294 -1.386294
 -16.340439 -16.340439 -16.340439 -0.000000
 -1.386294 -1.386294 -1.386294 -1.386294
 -1.386294 -1.386294 -1.386294 -1.386294
 -1.386294 -1.386294 -1.386294 -1.386294
 -1.386294 -1.386294 -1.386294 -1.386294
 -0.000000 -16.340439 -16.340439 -16.340439
 -0.701993 -1.358657 -2.760650 -1.692019
 -1.386294 -1.386294 -1.386294 -1.386294
 -1.386294 -1.386294 -1.386294 -1.386294
 -1.386294 -1.386294 -1.386294 -1.386294
 -1.263319 -1.973758 -0.977067 -1.599791
 -1.136712 -1.537334 -1.764107 -1.228147
 -1.111353 -2.289999 -1.002154 -1.596858
 -1.546259 -1.774517 -0.960743 -1.449095
 -1.130270 -1.389131 -1.896175 -1.281501
 -1.181134 -1.319284 -2.417892 -1.088760
 -1.285388 -1.537979 -2.420366 -0.868089
 -1.523292 -1.259708 -1.734601 -1.133827
 -1.317491 -1.187958 -2.123115 -1.178655
 -0.960670 -1.505686 -2.372495 -1.196498
 -1.399033 -1.507247 -2.497641 -0.799916
 -1.507580 -1.171108 -1.841949 -1.171108
 -1.157977 -1.234204 -2.042661 -1.327536
 -1.087052 -1.433922 -2.229722 -1.149294
 -0.963438 -1.728043 -2.458926 -1.034897
 -1.529016 -1.162166 -1.928815 -1.123551
 -1.072015 -1.362325 -2.252639 -1.215722
 -0.892830 -1.438056 -2.642026 -1.266206
 -1.186805 -1.453434 -2.146578 -1.066661
 -1.601716 -1.060585 -1.933072 -1.179301
 -1.010320 -1.455287 -2.328559 -1.187023
 -0.999358 -1.553085 -2.752499 -1.031360
 -1.135792 -1.784485 -2.617389 -0.825638
 -1.821371 -1.161561 -1.854707 -0.997772
 -0.982614 -1.580450 -2.032434 -1.242125
 -0.852778 -1.609437 -2.887094 -1.145601
 -1.122144 -1.768769 -2.461911 -0.870830
 -1.600408 -1.379515 -1.798585 -0.965081
 -1.171038 0.000100 0.000100 0.000100
 -1.857870 0.000100 0.000100 0.000100
 -1.652144 0.000100 0.000100 0.000100
 -1.072033 0.000100 0.000100 0.000100
 -1.271028 -1.689481 -1.372811 -1.267808
 -1.058078 -1.695795 -1.832132 -1.173274
 -1.146598 -1.891765 -1.643693 -1.084077
 -1.838748 -1.515619 -1.322781 -1.035869
 -0.954200 -1.717964 -1.415153 -1.647346
 -0.893654 -1.790283 -1.436267 -1.681389
 -1.057113 -1.880313 -1.529209 -1.261274
 -1.399458 -1.539574 -1.361325 -1.264162
 -0.000000 -16.299583 -16.299583 -16.299583
 -0.000001 -15.685774 -15.685774 -15.685774
 -0.000000 -15.962611 -15.962611 -15.962611
 -0.000000 -15.967274 -15.967274 -15.967274
 -17.388979 -1.277908 -1.477908 -0.706707
 -1.386294 -1.386294 -1.386294 -1.386294
 -1.386294 -1.386294 -1.386294 -1.386294
 -1.386294 -1.386294 -1.386294 -1.386294
 -1.386294 -1.386294 -1.386294 -1.386294
 -16.111071 -16.111071 -0.000000 -16.111071
 -15.911072 -15.911072 -0.000000 -15.911072
 -16.682272 -16.682272 -0.000000 -16.682272
 -1.386294 -1.386294 -1.386294 -1.386294
 -1.386294 -1.386294 -1.386294 -1.386294
 -17.388979 -17.388979 -17.388979 -0.000000
 -1.386294 -1.386294 -1.386294 -1.386294
 -1.386294 -1.386294 -1.386294 -1.386294
 -1.386294 -1.386294 -1.386294 -1.386294
 -1.386294 -1.386294 -1.386294 -1.386294
 0.000000 -17.388979 -17.388979 -17.388979
 -1.297228 -1.362999 -1.740887 -1.219240
 -1.386294 -1.386294 -1.386294 -1.386294
 -1.386294 -1.386294 -1.386294 -1.386294
 -1.386294 -1.386294 -1.386294 -1.386294
 -0.998089 -1.757447 -2.013876 -1.122510
 -1.159648 -2.062049 -2.361292 -0.765907
 -0.982431 -1.728221 -1.873403 -1.222816
 -1.707125 -1.588760 -1.593422 -0.888661
 -1.051158 -1.857420 -1.399465 -1.395684
 -1.052167 -1.788486 -1.712978 -1.193103
 -0.952096 -1.974841 -1.583170 -1.309474
 -1.676434 -1.554286 -1.289513 -1.120199
 -1.061937 -1.652497 -1.466018 -1.461877
 -1.045969 -1.690541 -1.592101 -1.344265
 -1.113916 -1.948249 -1.526524 -1.165022
 -1.653890 -1.599822 -1.370003 -1.042259
 -0.960614 -1.917111 -1.658699 -1.273235
 -0.911665 -2.141612 -1.652065 -1.241238
 -0.929210 -1.696227 -1.809022 -1.355004
 -1.560556 -1.636783 -1.502633 -0.986627
 -1.174315 -1.611096 -1.554630 -1.272847
 -0.918863 -1.735172 -2.000453 -1.240002
 -1.008711 -1.725955 -1.913167 -1.172164
 -1.588404 -1.457137 -1.403070 -1.148836
 -1.125857 -1.721100 -1.494852 -1.300210
 -0.939507 -1.824271 -1.702664 -1.325588
 -1.036481 -1.686399 -1.741749 -1.255616
 -1.661523 -1.562619 -1.310308 -1.106160
 -1.020420 -1.570466 -1.739542 -1.362549
 -1.014627 -1.699475 -1.785735 -1.248242
 -1.035512 -1.757858 -1.780331 -1.190862
 -1.650782 -1.484502 -1.395011 -1.097649
