 -1.372931 0.000100 0.000100 0.000100
 -1.705869 0.000100 0.000100 0.000100
 -1.910664 0.000100 0.000100 0.000100
 -0.874573 0.000100 0.000100 0.000100
 -1.293401 -1.636344 -1.636344 -1.089803
 -1.258955 -2.315000 -1.996550 -0.730890
 -1.193923 -1.887066 -1.704746 -1.011603
 -1.760010 -1.512174 -1.893541 -0.783096
 -1.262242 -1.572396 -1.572396 -1.197704
 -1.561235 -1.686397 -2.197218 -0.705572
 -1.154966 -1.294728 -1.892560 -1.346021
 -1.588160 -1.760010 -1.588160 -0.869039
 -1.018571 -1.686398 -1.737691 -1.280934
 -1.353142 -1.444114 -2.090736 -0.962277
 -0.948041 -2.590255 -2.079437 -0.885521
 -1.217876 -1.695911 -1.911021 -0.986765
 -0.973861 -1.784789 -1.918320 -1.178656
 -1.137834 -1.958809 -2.054119 -0.890975
 -0.955514 -2.382617 -1.776489 -1.038895
 -1.673976 -1.707877 -1.641186 -0.826680
 -1.260254 -2.007465 -1.602002 -0.966015
 -0.881202 -2.169047 -1.945906 -1.113002
 -1.071585 -2.093229 -1.987870 -0.923166
 -1.762602 -1.834060 -1.466337 -0.825835
 -0.945644 -1.800057 -2.023199 -1.158205
 -1.236763 -1.488076 -2.181216 -0.991642
 -0.957841 -2.257116 -1.746295 -1.087053
 -1.649788 -1.957272 -1.205858 -1.001763
 -1.121603 -1.747306 -1.747306 -1.121603
 -1.223776 -1.734599 -2.140059 -0.887305
 -0.984500 -2.431410 -1.677645 -1.045125
 -1.785327 -1.711220 -1.517064 -0.838734
 -1.123306 -1.444888 -1.816450 -1.285824
 -1.372308 -1.429466 -2.470909 -0.861485
 -0.972734 -2.797266 -1.516347 -1.074516
 -1.472237 -1.701810 -1.639290 -0.931107
 -1.386294 -1.484734 -1.593933 -1.138459
 -1.228666 -1.921809 -2.008820 -0.851373
 -1.011603 -2.734353 -2.041215 -0.817447
 -1.736699 -1.773066 -1.701607 -0.751417
 -1.192139 -1.317302 -1.722765 -1.386294
 -1.346021 -1.987870 -1.987870 -0.764101
 -0.963439 -2.028143 -2.133503 -0.998531
 -1.819157 -1.888150 -1.328536 -0.863648
 -1.107582 -1.386294 -1.774058 -1.386294
 -1.024506 -1.584119 -3.663517 -0.890975
 -1.110042 -1.992426 -2.174746 -0.866421
 -1.988468 -1.988468 -1.232144 -0.833506
 -1.024505 -2.197220 -1.626679 -1.098613
 -1.191395 -2.289999 -2.172217 -0.731864
 -1.123931 -2.995712 -1.817075 -0.771111
 -1.957743 -1.916921 -1.307157 -0.818311
 -1.534714 -1.287855 -1.863216 -1.040019
 -1.139436 -1.347074 -2.120255 -1.203974
 -0.873275 -2.313628 -1.620487 -1.252764
 -1.945909 -1.874450 -1.037055 -1.052093
 -1.485385 -1.718999 -1.718999 -0.879251
 -1.710788 -1.474401 -1.779781 -0.863494
 -1.194841 -2.206437 -2.126395 -0.759524
 -2.163996 -1.778335 -0.954162 -1.105393
 -1.269761 -1.780584 -2.090736 -0.851052
 -1.919589 -1.678429 -1.919589 -0.653929
 -1.862138 -1.744356 -1.995668 -0.627398
 -2.142861 -1.721649 -1.316185 -0.830678
 -13.500805 -13.500805 -13.500805 -0.000004
 -13.579793 -13.579793 -13.579793 -0.000004
 -13.641162 -13.641162 -13.641162 -0.000004
 -14.557449 -14.557449 -14.557449 -0.000001
 -1.386294 -1.386294 -1.386294 -1.386294
 -1.386294 -1.386294 -1.386294 -1.386294
 -1.386294 -1.386294 -1.386294 -1.386294
 -15.310660 -15.310660 -15.310660 -0.000001
 -1.386294 -1.386294 -1.386294 -1.386294
 -1.386294 -1.386294 -1.386294 -1.386294
 -1.386294 -1.386294 -1.386294 -1.386294
 -2.362648 -1.455928 -0.396537 -15.310660
 -1.540443 -1.658225 -3.044482 -0.602181
 -1.648657 -1.425515 -1.936338 -0.860203
 -2.014902 -2.177420 -1.733490 -0.550492
 -1.386294 -1.386294 -1.386294 -1.386294
 -1.189585 -2.624654 -1.836208 -0.768373
 -1.806794 -1.432104 -1.902103 -0.803498
 -1.070443 -2.302577 -1.683544 -0.990401
 -2.222540 -1.984130 -0.980830 -0.969780
 -13.617064 -13.617064 -13.617064 -0.000004
 -13.321220 -13.321220 -13.321220 -0.000005
 -14.030625 -14.030625 -14.030625 -0.000002
 -14.397728 -14.397728 -14.397728 -0.000002
 -1.386294 -1.386294 -1.386294 -1.386294
 -1.386294 -1.386294 -1.386294 -1.386294
 -1.386294 -1.386294 -1.386294 -1.386294
 -2.634581 -1.730871 -1.578530 -0.607258
 -12.676088 -12.676088 -12.676088 -0.000009
 -13.579793 -13.579793 -13.579793 -0.000004
 -13.732133 -13.732133 -13.732133 -0.000003
 -14.703403 -14.703403 -14.703403 -0.000001
 -1.386294 -1.386294 -1.386294 -1.386294
 -1.386294 -1.386294 -1.386294 -1.386294
 -1.386294 -1.386294 -1.386294 -1.386294
 -0.000001 -15.310660 -15.310660 -15.310660
 -15.310660 -15.310660 -0.000001 -15.310660
 -1.386294 -1.386294 -1.386294 -1.386294
 -1.386294 -1.386294 -1.386294 -1.386294
 -1.386294 -1.386294 -1.386294 -1.386294
 -1.386294 -1.386294 -1.386294 -1.386294
 -1.386294 -1.386294 -1.386294 -1.386294
 -1.116713 -2.462731 -0.853295 -1.823652
 -1.386294 -1.386294 -1.386294 -1.386294
 -1.939082 -1.517870 -1.651401 -0.809221
 -1.558143 -1.335002 -2.251277 -0.865002
 -1.276732 -2.068968 -1.914818 -0.804374
 -2.197218 -1.637607 -1.637607 -0.693150
 -1.203974 -1.791757 -2.302578 -0.836250
 -1.491654 -1.897117 -1.897117 -0.744443
 -1.359626 -1.739113 -1.308333 -1.213024
 -1.874279 -1.437067 -1.416447 -1.004203
 -1.344330 0.000100 0.000100 0.000100
 -1.344330 0.000100 0.000100 0.000100
 -1.683545 0.000100 0.000100 0.000100
 -1.228071 0.000100 0.000100 0.000100
 -1.112407 -1.725508 -1.892560 -1.071585
 -0.958257 -1.346021 -2.093229 -1.457246
 -1.060874 -1.553347 -1.648656 -1.386294
 -1.698667 -1.573505 -1.362197 -1.039425
 -0.859134 -2.245420 -1.446919 -1.446919
 -1.149907 -1.529394 -1.897115 -1.149907
 -1.292769 -1.446918 -1.629238 -1.223777
 -2.032917 -1.252764 -1.658227 -0.934311
 -1.203974 -1.817075 -1.897117 -0.948041
 -0.969403 -1.980996 -1.863214 -1.116006
 -1.116963 -1.609436 -1.927886 -1.116963
 -1.757856 -1.374866 -1.330414 -1.170072
 -0.968252 -1.884538 -1.425009 -1.479076
 -1.686396 -1.504076 -1.349927 -1.098614
 -1.178656 -1.648656 -1.648656 -1.178656
 -1.609437 -1.720662 -1.418383 -0.970359
 -0.985285 -1.678429 -1.832578 -1.272966
 -1.292769 -1.734598 -1.533929 -1.098614
 -0.893820 -1.992425 -1.791756 -1.245216
 -1.838277 -1.704746 -1.481604 -0.839753
 -0.984855 -1.710788 -1.853888 -1.240787
 -0.926765 -2.484890 -1.673974 -1.098614
 -1.155772 -1.591087 -1.686396 -1.216396
 -2.068966 -1.462834 -1.186582 -1.088142
 -1.191395 -1.425009 -1.425009 -1.536234
 -0.906724 -1.871797 -1.118032 -2.159475
 -0.815040 -2.319104 -1.471816 -1.471816
 -2.174746 -1.432814 -1.219241 -1.043351
 -1.074516 -1.573505 -1.410987 -1.573505
 -1.044547 -1.424034 -2.379534 -1.155772
 -0.834228 -1.932834 -2.133503 -1.195240
 -1.916918 -1.511457 -1.446919 -0.923673
 -1.364316 -1.504077 -1.408767 -1.280934
 -1.252764 -1.627454 -2.233582 -0.889860
 -1.078812 -1.609436 -2.120255 -1.078812
 -1.597602 -1.486377 -1.597602 -0.996831
 -1.400088 -1.805550 -1.071585 -1.400088
 -1.386294 -1.609436 -2.014897 -0.875471
 -1.098614 -2.140057 -1.734598 -0.987389
 -2.367117 -1.673975 -1.197053 -0.875470
 -0.986497 -1.774949 -1.592629 -1.369487
 -1.232145 -1.791755 -1.568614 -1.098614
 -1.429466 -1.171638 -1.777771 -1.266948
 -2.140062 -1.366876 -1.329136 -1.014056
 -1.129866 -1.689478 -1.689478 -1.178656
 -1.098614 -1.887066 -1.145134 -1.624704
 -1.166436 -2.031426 -1.625965 -1.019833
 -1.532897 -1.769284 -1.432814 -0.980831
 -1.349927 -1.686397 -1.303407 -1.258955
 -0.973452 -2.420352 -1.321756 -1.321756
 -0.970781 -1.887066 -1.550596 -1.356441
 -1.644122 -2.079437 -0.866421 -1.341843
 -1.437587 -1.246533 -1.337505 -1.548812
 -1.123932 -1.609435 -1.609435 -1.290985
 -1.670061 -1.146815 -1.803591 -1.110448
 -1.832578 -1.226446 -1.832578 -0.950194
 -1.261132 -1.609436 -1.203974 -1.529394
 -1.337505 -1.984127 -1.437587 -1.014732
 -1.368276 -1.442383 -1.810105 -1.062896
 -2.140061 -1.351609 -1.223776 -1.110448
 -13.337481 -13.337481 -13.337481 -0.000005
 -13.270790 -13.270790 -13.270790 -0.000005
 -13.473026 -13.473026 -13.473026 -0.000004
 -13.698981 -13.698981 -13.698981 -0.000003
 -1.386294 -1.386294 -1.386294 -1.386294
 -1.386294 -1.386294 -1.386294 -1.386294
 -1.386294 -1.386294 -1.386294 -1.386294
 -14.845132 -14.845132 -14.845132 -0.000001
 -1.386294 -1.386294 -1.386294 -1.386294
 -1.386294 -1.386294 -1.386294 -1.386294
 -1.386294 -1.386294 -1.386294 -1.386294
 -1.523916 -1.265342 -0.693148 -14.845132
 -1.338285 -1.277661 -1.402823 -1.545923
 -1.536234 -2.066858 -1.233954 -1.002154
 -1.091496 -1.645805 -1.683545 -1.252763
 -1.386294 -1.386294 -1.386294 -1.386294
 -1.337505 -1.548812 -1.203974 -1.491654
 -1.504076 -1.791756 -1.349927 -1.044547
 -0.900789 -1.673974 -2.079435 -1.268512
 -2.104129 -1.841767 -1.039425 -1.005523
 -13.444452 -13.444452 -13.444452 -0.000004
 -13.142174 -13.142174 -13.142174 -0.000006
 -13.527834 -13.527834 -13.527834 -0.000004
 -13.652996 -13.652996 -13.652996 -0.000004
 -1.386294 -1.386294 -1.386294 -1.386294
 -1.386294 -1.386294 -1.386294 -1.386294
 -1.386294 -1.386294 -1.386294 -1.386294
 -2.169052 -1.430097 -1.683545 -0.774978
 -12.676088 -12.676088 -12.676088 -0.000009
 -13.415039 -13.415039 -13.415039 -0.000004
 -13.161592 -13.161592 -13.161592 -0.000006
 -14.070156 -14.070156 -14.070156 -0.000002
 -1.386294 -1.386294 -1.386294 -1.386294
 -1.386294 -1.386294 -1.386294 -1.386294
 -1.386294 -1.386294 -1.386294 -1.386294
 -0.000001 -14.845131 -14.845131 -14.845131
 -14.845132 -14.845132 -0.000001 -14.845132
 -1.386294 -1.386294 -1.386294 -1.386294
 -1.386294 -1.386294 -1.386294 -1.386294
 -1.386294 -1.386294 -1.386294 -1.386294
 -1.386294 -1.386294 -1.386294 -1.386294
 -1.386294 -1.386294 -1.386294 -1.386294
 -1.358124 -1.192139 -2.108428 -1.146153
 -1.386294 -1.386294 -1.386294 -1.386294
 -0.944464 -2.079436 -1.711715 -1.185625
 -1.146815 -1.803591 -1.877699 -1.008666
 -0.887308 -1.734596 -2.833175 -1.041457
 -1.492904 -1.780584 -1.397594 -1.022902
 -1.310583 -1.544197 -1.444114 -1.269761
 -0.893821 -3.091001 -1.299284 -1.299284
 -1.203974 -1.272967 -1.427116 -1.714795
 -1.935651 -1.741496 -1.630271 -0.724565
