 -1.291885 0.000100 0.000100 0.000100
 -1.570598 0.000100 0.000100 0.000100
 -1.827027 0.000100 0.000100 0.000100
 -1.031602 0.000100 0.000100 0.000100
 -1.413693 -2.001477 -1.531476 -0.902869
 -1.172721 -2.032917 -2.032917 -0.847300
 -0.955514 -1.776489 -1.871798 -1.229949
 -1.473305 -1.974079 -1.535826 -0.875470
 -1.020652 -1.574035 -1.574035 -1.490654
 -1.152681 -2.097134 -2.433600 -0.747218
 -0.896748 -1.845824 -2.028143 -1.195240
 -1.641186 -1.361602 -1.578666 -1.067841
 -1.098613 -1.843051 -1.568615 -1.203973
 -1.327798 -2.020941 -2.339391 -0.681173
 -0.930477 -2.183231 -1.697728 -1.171638
 -1.776491 -1.977160 -1.500238 -0.756662
 -1.004928 -1.583004 -1.774058 -1.351203
 -1.134982 -2.639039 -1.828123 -0.806479
 -0.820983 -2.525717 -2.525717 -0.916293
 -1.526056 -1.714108 -1.417843 -1.020962
 -1.106518 -1.476891 -1.953813 -1.206601
 -1.236763 -1.236763 -2.740821 -1.036094
 -1.112407 -2.093229 -2.093229 -0.856474
 -1.659989 -1.490091 -1.554629 -0.985536
 -1.275543 -1.618487 -1.618487 -1.126012
 -1.341843 -1.912384 -2.397887 -0.693149
 -1.066353 -2.319104 -1.545923 -1.066353
 -1.535826 -1.386294 -1.673975 -1.057791
 -1.367602 -1.485385 -1.667706 -1.108092
 -1.124931 -2.397886 -1.858896 -0.847300
 -1.157454 -1.945906 -1.763586 -0.990401
 -1.759182 -1.649983 -1.798403 -0.754601
 -1.171184 -1.771955 -1.609437 -1.139435
 -1.252764 -1.358124 -2.051265 -1.113002
 -1.289668 -1.669155 -2.288188 -0.832912
 -1.609437 -1.495027 -1.738649 -0.916292
 -1.200742 -1.456675 -1.638996 -1.302525
 -1.307157 -2.363202 -2.363202 -0.614012
 -0.996335 -2.228469 -1.871798 -0.996335
 -1.379694 -1.881784 -1.839224 -0.827626
 -1.227230 -1.709067 -1.709067 -1.064712
 -1.236763 -1.729236 -1.929905 -0.949083
 -1.036094 -2.181216 -2.047687 -0.908261
 -1.293204 -2.055342 -1.573505 -0.940984
 -0.887304 -2.140062 -2.006532 -1.090245
 -1.455287 -2.302575 -2.148427 -0.597841
 -0.563097 -3.178026 -2.197218 -1.280934
 -1.419520 -2.632536 -1.159237 -0.987388
 -1.036738 -1.813264 -2.058385 -1.036738
 -2.140053 -1.916914 -2.833175 -0.390874
 -0.903714 -2.983134 -1.661396 -1.037245
 -1.576648 -2.238043 -1.484275 -0.776530
 -1.151257 -1.928958 -1.466337 -1.178656
 -0.926765 -2.079433 -1.925285 -1.098614
 -0.800122 -2.442336 -1.931517 -1.143065
 -1.916921 -1.734600 -1.128466 -1.041455
 -1.386294 -1.828125 -1.722765 -0.889859
 -1.369487 -1.244325 -2.131620 -1.081807
 -1.129385 -2.803348 -1.822529 -0.788459
 -2.258778 -1.902106 -1.496642 -0.649346
 -1.310583 -1.780584 -1.780584 -0.933290
 -1.277661 -2.501422 -2.501422 -0.584517
 -1.112407 -1.987870 -1.987870 -0.923166
 -2.633542 -1.940399 -1.039615 -0.841789
 -13.567055 -13.567055 -13.567055 -0.000004
 -13.235700 -13.235700 -13.235700 -0.000005
 -13.753639 -13.753639 -13.753639 -0.000003
 -14.380827 -14.380827 -14.380827 -0.000002
 -1.386294 -1.386294 -1.386294 -1.386294
 -1.386294 -1.386294 -1.386294 -1.386294
 -1.386294 -1.386294 -1.386294 -1.386294
 -2.130213 -1.490555 -0.421686 -15.211757
 -0.926765 -0.875472 -1.673974 -13.081550
 -1.076874 -1.014353 -1.215023 -13.721204
 -0.783940 -1.248997 -1.360222 -14.790071
 -1.386294 -1.386294 -1.386294 -1.386294
 -1.774367 -1.922786 -1.809458 -0.653028
 -1.640936 -1.864078 -1.640936 -0.782276
 -1.425515 -2.246490 -1.811176 -0.712567
 -1.386294 -1.386294 -1.386294 -1.386294
 -1.233954 -1.596858 -2.172217 -0.935462
 -2.233583 -1.828123 -2.233583 -0.470008
 -1.540444 -2.456725 -1.415282 -0.782762
 -2.157808 -1.709785 -1.232862 -0.886586
 -13.415039 -13.415039 -13.415039 -0.000004
 -13.415039 -13.415039 -13.415039 -0.000004
 -13.710155 -13.710155 -13.710155 -0.000003
 -14.403299 -14.403299 -14.403299 -0.000002
 -1.386294 -1.386294 -1.386294 -1.386294
 -1.386294 -1.386294 -1.386294 -1.386294
 -1.386294 -1.386294 -1.386294 -1.386294
 -2.705575 -1.230730 -1.644706 -0.802918
 -12.506192 -12.506192 -12.506192 -0.000011
 -13.981029 -13.981029 -13.981029 -0.000003
 -13.567055 -13.567055 -13.567055 -0.000004
 -14.408839 -14.408839 -14.408839 -0.000002
 -1.386294 -1.386294 -1.386294 -1.386294
 -1.386294 -1.386294 -1.386294 -1.386294
 -1.386294 -1.386294 -1.386294 -1.386294
 -0.000001 -15.211756 -15.211756 -15.211756
 -15.211757 -15.211757 -0.000001 -15.211757
 -1.386294 -1.386294 -1.386294 -1.386294
 -1.386294 -1.386294 -1.386294 -1.386294
 -1.386294 -1.386294 -1.386294 -1.386294
 -1.386294 -1.386294 -1.386294 -1.386294
 -1.386294 -1.386294 -1.386294 -1.386294
 -1.282916 -3.168197 -0.612344 -1.976062
 -1.386294 -1.386294 -1.386294 -1.386294
 -1.722765 -1.885283 -1.163152 -1.029620
 -1.446918 -2.140040 -1.446918 -0.887312
 -1.294727 -2.253575 -1.651402 -0.845778
 -2.926713 -2.415901 -1.029622 -0.693151
 -1.287855 -1.900956 -1.170072 -1.330414
 -1.770702 -1.652920 -1.285199 -1.016937
 -1.282916 -1.781905 -1.437066 -1.149385
 -1.695911 -1.466337 -1.140915 -1.323236
 -1.276450 0.000100 0.000100 0.000100
 -1.607567 0.000100 0.000100 0.000100
 -1.561897 0.000100 0.000100 0.000100
 -1.168408 0.000100 0.000100 0.000100
 -0.909603 -1.959422 -1.477586 -1.477586
 -1.176322 -1.581786 -1.494775 -1.340624
 -1.107582 -2.079438 -1.499623 -1.134981
 -1.893110 -1.646251 -1.199965 -1.034451
 -1.354546 -1.379864 -1.676128 -1.193278
 -1.397594 -2.090736 -1.444114 -0.933290
 -1.226788 -1.754853 -1.594512 -1.106160
 -1.622258 -1.472727 -1.295046 -1.206099
 -1.193923 -1.586964 -1.481604 -1.327454
 -1.225613 -1.983295 -1.646824 -0.977777
 -0.980830 -1.791758 -2.148431 -1.073920
 -1.415622 -1.857453 -1.282091 -1.127940
 -1.079921 -1.603168 -1.572396 -1.380025
 -0.992130 -1.716046 -2.879183 -0.933290
 -0.877242 -1.894172 -1.894172 -1.261652
 -1.569772 -1.597943 -1.110241 -1.346629
 -1.075356 -1.701810 -1.639290 -1.264598
 -0.891600 -2.302579 -1.771955 -1.139435
 -1.192139 -1.673975 -1.499623 -1.252764
 -1.656584 -1.468532 -1.440361 -1.072637
 -0.993253 -1.868719 -1.653608 -1.258955
 -1.140725 -1.630271 -1.866658 -1.108976
 -0.902869 -2.144577 -1.574035 -1.308333
 -1.964370 -1.410987 -1.386294 -1.005523
 -1.431318 -1.542543 -1.262242 -1.331235
 -1.048352 -2.176811 -1.866658 -0.963794
 -1.116962 -1.992427 -1.704747 -1.036920
 -1.865866 -1.273817 -1.410392 -1.134980
 -1.260254 -1.432104 -1.853316 -1.136640
 -1.207094 -1.839613 -1.628305 -1.061912
 -1.058122 -1.499953 -1.751267 -1.361803
 -1.928617 -1.177203 -1.592146 -1.069958
 -1.231102 -1.741926 -1.485993 -1.182312
 -1.196251 -1.864078 -1.681758 -1.031172
 -1.088461 -1.751752 -1.876915 -1.088461
 -2.091274 -1.639290 -1.285651 -0.901693
 -1.226788 -1.712294 -1.424613 -1.252763
 -0.854417 -1.978342 -1.978342 -1.211091
 -1.124589 -1.766440 -1.817733 -1.073295
 -1.845826 -1.355204 -1.375823 -1.103890
 -1.276861 -1.694595 -1.276861 -1.352847
 -1.197704 -1.718999 -1.890848 -0.999879
 -1.029620 -1.673975 -1.828125 -1.221992
 -1.492312 -1.762602 -1.797693 -0.825835
 -1.233091 -1.616082 -1.616082 -1.167133
 -1.306252 -1.856295 -1.791757 -0.900788
 -0.921158 -2.149818 -1.744356 -1.168994
 -1.659587 -1.780948 -1.408273 -0.924477
 -0.958256 -1.848111 -1.457246 -1.487099
 -1.481604 -1.838277 -1.219241 -1.145133
 -0.884687 -1.858132 -1.858132 -1.290151
 -1.818285 -1.696925 -1.226922 -1.018168
 -1.111858 -1.728043 -1.310309 -1.497520
 -0.933290 -2.003726 -1.655422 -1.269761
 -1.106160 -1.632252 -1.671472 -1.252763
 -1.817076 -1.464256 -1.491655 -0.964301
 -1.172225 -1.642227 -1.546917 -1.259236
 -1.446919 -1.985912 -1.680532 -0.818312
 -1.223776 -1.945908 -1.483286 -1.090245
 -1.695298 -1.536234 -1.349023 -1.073612
 -14.122998 -14.122998 -14.122998 -0.000002
 -13.764221 -13.764221 -13.764221 -0.000003
 -13.997835 -13.997835 -13.997835 -0.000003
 -14.419828 -14.419828 -14.419828 -0.000002
 -1.386294 -1.386294 -1.386294 -1.386294
 -1.386294 -1.386294 -1.386294 -1.386294
 -1.386294 -1.386294 -1.386294 -1.386294
 -1.412861 -1.038649 -0.909758 -15.490737
 -0.975715 -1.129866 -1.203973 -14.077878
 -0.810931 -1.252763 -1.309922 -14.452089
 -0.951798 -1.327587 -1.053151 -14.580980
 -1.386294 -1.386294 -1.386294 -1.386294
 -1.018570 -2.007981 -1.504077 -1.264405
 -0.903305 -2.391376 -1.772340 -1.098613
 -0.947063 -2.110211 -1.640209 -1.214126
 -1.386294 -1.386294 -1.386294 -1.386294
 -1.366876 -1.604548 -1.426300 -1.190986
 -1.745237 -1.435084 -1.578184 -0.965083
 -1.331235 -1.618916 -1.890848 -0.949868
 -1.945908 -1.343735 -1.526056 -0.970531
 -13.946543 -13.946543 -13.946543 -0.000003
 -13.989468 -13.989468 -13.989468 -0.000003
 -13.937732 -13.937732 -13.937732 -0.000003
 -14.446784 -14.446784 -14.446784 -0.000002
 -1.386294 -1.386294 -1.386294 -1.386294
 -1.386294 -1.386294 -1.386294 -1.386294
 -1.386294 -1.386294 -1.386294 -1.386294
 -1.885946 -1.518222 -1.636005 -0.833659
 -13.604795 -13.604795 -13.604795 -0.000004
 -13.972518 -13.972518 -13.972518 -0.000003
 -13.854735 -13.854735 -13.854735 -0.000003
 -14.657080 -14.657080 -14.657080 -0.000001
 -1.386294 -1.386294 -1.386294 -1.386294
 -1.386294 -1.386294 -1.386294 -1.386294
 -1.386294 -1.386294 -1.386294 -1.386294
 -0.000001 -15.490737 -15.490737 -15.490737
 -15.490737 -15.490737 -0.000001 -15.490737
 -1.386294 -1.386294 -1.386294 -1.386294
 -1.386294 -1.386294 -1.386294 -1.386294
 -1.386294 -1.386294 -1.386294 -1.386294
 -1.386294 -1.386294 -1.386294 -1.386294
 -1.386294 -1.386294 -1.386294 -1.386294
 -1.174451 -1.675225 -1.936590 -1.022901
 -1.386294 -1.386294 -1.386294 -1.386294
 -0.962812 -1.609437 -1.550597 -1.579584
 -1.237875 -2.040217 -1.832579 -0.867502
 -1.165753 -1.858896 -1.945906 -0.942610
 -1.496295 -1.214444 -1.646577 -1.250162
 -1.405342 -1.572396 -1.307704 -1.284715
 -1.056054 -1.526056 -2.036879 -1.189585
 -1.337023 -1.887067 -1.599387 -0.957535
 -1.680206 -1.714108 -1.443818 -0.922522
