 -1.445765 0.000100 0.000100 0.000100
 -1.616390 0.000100 0.000100 0.000100
 -1.808057 0.000100 0.000100 0.000100
 -0.911683 0.000100 0.000100 0.000100
 -1.041455 -1.533930 -1.734599 -1.366876
 -1.087053 -1.889395 -2.508427 -0.843431
 -0.895386 -2.316761 -1.777771 -1.127187
 -1.826850 -1.725067 -1.575536 -0.789608
 -1.402824 -1.402824 -1.913647 -1.019832
 -1.112407 -2.344540 -2.344540 -0.735114
 -1.294728 -2.498689 -2.344540 -0.601583
 -1.738649 -1.704747 -1.442384 -0.901254
 -1.138222 -1.638996 -1.995668 -1.051211
 -1.112407 -2.093229 -1.725508 -0.994624
 -0.966845 -2.470909 -2.183231 -0.861485
 -1.729238 -1.562185 -1.699385 -0.843721
 -1.073295 -1.717650 -2.364273 -0.955513
 -1.126013 -2.001475 -2.358146 -0.807560
 -1.056054 -1.931517 -1.749197 -1.098614
 -1.464412 -1.626930 -1.785995 -0.904797
 -1.045369 -1.760986 -1.673975 -1.241113
 -0.985285 -2.120258 -2.525717 -0.851754
 -0.942046 -2.285768 -2.285768 -0.899486
 -1.586315 -2.097139 -1.707675 -0.710848
 -0.814756 -1.879463 -2.102605 -1.264280
 -1.227231 -1.863214 -2.114525 -0.841570
 -0.985819 -2.125244 -1.719784 -1.113652
 -1.538563 -1.880311 -1.649788 -0.819442
 -1.056054 -1.316336 -2.154662 -1.316336
 -1.519825 -2.079435 -1.673974 -0.757689
 -1.015232 -1.749197 -1.669155 -1.289668
 -1.686398 -1.791758 -1.450010 -0.882905
 -0.955513 -2.054121 -2.197220 -0.977986
 -1.063522 -2.351367 -2.233586 -0.793233
 -0.655878 -2.423528 -2.577677 -1.150573
 -1.852383 -1.629240 -1.629240 -0.796333
 -1.105833 -1.500486 -2.369520 -1.042655
 -1.696447 -1.791756 -1.696447 -0.762143
 -0.882392 -1.980996 -3.367253 -0.882392
 -1.769286 -1.803187 -1.456912 -0.839752
 -1.243795 -2.001477 -1.531476 -1.020652
 -1.221215 -1.871799 -2.054119 -0.860203
 -1.069200 -2.412922 -1.639741 -0.985819
 -1.742162 -1.998094 -1.284330 -0.885691
 -1.600305 -1.433251 -1.983295 -0.862708
 -1.047321 -1.845822 -2.433600 -0.907560
 -0.900788 -2.367117 -2.166448 -0.953432
 -1.615302 -1.883566 -1.452784 -0.878985
 -1.081371 -1.749198 -1.486835 -1.343735
 -1.609436 -2.456725 -1.850597 -0.584937
 -1.318241 -1.960090 -2.876366 -0.625097
 -1.880311 -1.742162 -1.326002 -0.899484
 -1.193923 -1.376244 -1.822529 -1.262916
 -0.985819 -2.258774 -2.125244 -0.908858
 -1.110042 -2.280106 -1.838277 -0.893820
 -1.929288 -1.855180 -1.109849 -0.997732
 -1.442384 -1.655957 -1.867265 -0.871840
 -0.901904 -2.442336 -1.836208 -1.056054
 -1.207416 -2.495261 -2.009758 -0.724565
 -2.417184 -1.622258 -1.249584 -0.851554
 -2.009758 -1.173514 -1.530188 -1.078205
 -1.481604 -1.356441 -2.243736 -0.893820
 -1.158511 -2.257116 -1.363305 -1.122144
 -2.506881 -1.847639 -0.871131 -1.071802
 -13.458841 -13.458841 -13.458841 -0.000004
 -13.652996 -13.652996 -13.652996 -0.000004
 -14.054531 -14.054531 -14.054531 -0.000002
 -14.227623 -14.227623 -14.227623 -0.000002
 -1.386294 -1.386294 -1.386294 -1.386294
 -1.386294 -1.386294 -1.386294 -1.386294
 -1.386294 -1.386294 -1.386294 -1.386294
 -2.605000 -2.063404 -0.861252 -0.976988
 -12.676088 -12.676088 -12.676088 -0.000009
 -13.217681 -13.217681 -13.217681 -0.000005
 -14.419828 -14.419828 -14.419828 -0.000002
 -14.304093 -14.304093 -14.304093 -0.000002
 -1.386294 -1.386294 -1.386294 -1.386294
 -1.386294 -1.386294 -1.386294 -1.386294
 -1.386294 -1.386294 -1.386294 -1.386294
 -2.381857 -2.063404 -1.040300 -0.850382
 -1.742965 -1.897113 -2.302570 -0.553391
 -2.061416 -2.397882 -1.609436 -0.541602
 -1.596450 -1.939394 -1.201797 -1.041455
 -2.084859 -1.786368 -1.159913 -0.929897
 -13.429854 -13.429854 -13.429854 -0.000004
 -13.369229 -13.369229 -13.369229 -0.000005
 -13.989468 -13.989468 -13.989468 -0.000003
 -14.414350 -14.414350 -14.414350 -0.000002
 -1.386294 -1.386294 -1.386294 -1.386294
 -1.386294 -1.386294 -1.386294 -1.386294
 -1.386294 -1.386294 -1.386294 -1.386294
 -1.766672 -1.180389 -0.650203 -15.281079
 -13.514411 -13.514411 -13.514411 -0.000004
 -14.100693 -14.100693 -14.100693 -0.000002
 -14.630877 -14.630877 -14.630877 -0.000001
 -1.386294 -1.386294 -1.386294 -1.386294
 -1.386294 -1.386294 -1.386294 -1.386294
 -1.386294 -1.386294 -1.386294 -1.386294
 -1.386294 -1.386294 -1.386294 -1.386294
 -0.000001 -15.281079 -15.281079 -15.281079
 -15.281079 -15.281079 -0.000001 -15.281079
 -1.386294 -1.386294 -1.386294 -1.386294
 -1.386294 -1.386294 -1.386294 -1.386294
 -1.386294 -1.386294 -1.386294 -1.386294
 -1.386294 -1.386294 -1.386294 -1.386294
 -1.386294 -1.386294 -1.386294 -1.386294
 -1.066792 -3.075001 -0.787534 -1.866045
 -1.386294 -1.386294 -1.386294 -1.386294
 -1.868451 -1.602748 -1.569959 -0.829560
 -1.609433 -1.897107 -2.995652 -0.510837
 -1.140069 -2.105148 -1.476541 -1.108817
 -2.007463 -2.412922 -1.565634 -0.567110
 -1.299283 -2.030167 -1.822529 -0.833921
 -1.147404 -2.197217 -1.745237 -0.924261
 -1.109663 -1.802807 -1.515127 -1.252764
 -1.791758 -1.696448 -1.222665 -1.034074
 -1.150981 0.000100 0.000100 0.000100
 -1.812378 0.000100 0.000100 0.000100
 -1.540445 0.000100 0.000100 0.000100
 -1.183770 0.000100 0.000100 0.000100
 -1.131404 -1.562184 -1.729236 -1.236763
 -1.519824 -1.067844 -2.079429 -1.163153
 -1.098615 -1.658225 -1.435084 -1.435084
 -2.302575 -1.321756 -1.321756 -1.003304
 -0.805629 -1.904232 -1.652920 -1.547561
 -1.037990 -1.791755 -2.079433 -1.037990
 -0.880363 -2.327262 -2.104124 -1.005525
 -1.321756 -2.148427 -2.302575 -0.660361
 -1.372308 -1.777771 -1.623621 -0.966845
 -1.060876 -2.564915 -1.312187 -1.178658
 -1.466336 -2.159466 -1.466336 -0.860208
 -1.805550 -1.987870 -1.032365 -1.071585
 -1.167607 -2.197213 -1.034076 -1.504076
 -0.993257 -1.909532 -1.504076 -1.349927
 -1.485384 -1.572395 -1.331235 -1.197705
 -1.697728 -1.490090 -1.429466 -1.043806
 -1.058609 -1.589233 -1.589233 -1.406913
 -1.386294 -2.197211 -1.637606 -0.810935
 -0.792241 -2.360842 -2.871654 -0.925772
 -2.268674 -1.662545 -1.170073 -0.924951
 -1.080915 -2.415901 -1.386294 -1.134982
 -1.098616 -1.791753 -1.321757 -1.455286
 -1.072640 -1.845821 -1.558143 -1.239692
 -1.386294 -1.504077 -1.568615 -1.141173
 -1.455287 -1.529394 -1.203974 -1.386294
 -1.067844 -1.673972 -1.386294 -1.519824
 -1.098614 -2.014895 -1.504076 -1.167607
 -1.998090 -1.304949 -1.438480 -1.033017
 -1.037990 -1.791755 -1.925285 -1.098614
 -1.315677 -1.634128 -1.516346 -1.148625
 -0.820984 -2.120255 -1.832577 -1.272966
 -1.740463 -1.152681 -1.845822 -1.047321
 -1.261132 -1.321756 -1.791756 -1.261132
 -0.980833 -1.897113 -1.897113 -1.123932
 -1.011605 -2.803322 -1.704744 -0.931563
 -2.063687 -1.309922 -1.578184 -0.924261
 -1.243194 -1.553347 -1.006807 -2.005327
 -1.516346 -2.104124 -1.516346 -0.823205
 -1.252764 -1.252764 -1.475905 -1.609435
 -1.654557 -1.821609 -1.386294 -0.923673
 -1.452252 -1.770702 -1.285199 -1.142099
 -1.531475 -1.531475 -2.001471 -0.838334
 -1.485384 -2.024375 -1.572395 -0.834801
 -1.880309 -1.369487 -1.774949 -0.858664
 -1.386294 -1.609435 -1.386294 -1.203974
 -1.072640 -2.028139 -2.251277 -0.865002
 -1.717648 -1.265667 -1.871796 -0.955515
 -1.730388 -1.233954 -1.730388 -1.037245
 -1.011604 -2.174741 -1.299284 -1.386294
 -1.211092 -1.770702 -1.077561 -1.652920
 -1.128468 -1.916914 -1.128468 -1.580448
 -2.470909 -1.777771 -1.043806 -0.930477
 -1.016937 -1.365241 -1.904232 -1.452252
 -1.003306 -2.302565 -2.014891 -0.916296
 -1.067842 -1.673974 -1.593932 -1.325670
 -1.810105 -1.368276 -1.299284 -1.174121
 -1.774949 -1.679640 -1.438480 -0.899486
 -1.005525 -1.516346 -2.104124 -1.228667
 -1.871796 -1.265667 -1.466336 -1.098615
 -2.251282 -1.963604 -1.270463 -0.747218
 -12.821269 -12.821269 -12.821269 -0.000008
 -12.873913 -12.873913 -12.873913 -0.000008
 -12.994539 -12.994539 -12.994539 -0.000007
 -13.541079 -13.541079 -13.541079 -0.000004
 -1.386294 -1.386294 -1.386294 -1.386294
 -1.386294 -1.386294 -1.386294 -1.386294
 -1.386294 -1.386294 -1.386294 -1.386294
 -1.812378 -1.614552 -1.183770 -1.103728
 -12.676088 -12.676088 -12.676088 -0.000009
 -12.873913 -12.873913 -12.873913 -0.000008
 -13.304691 -13.304691 -13.304691 -0.000005
 -13.384734 -13.384734 -13.384734 -0.000005
 -1.386294 -1.386294 -1.386294 -1.386294
 -1.386294 -1.386294 -1.386294 -1.386294
 -1.386294 -1.386294 -1.386294 -1.386294
 -1.589235 -1.589235 -1.564542 -0.960627
 -1.290985 -1.386294 -1.609435 -1.290985
 -1.491654 -1.123932 -1.897113 -1.203974
 -1.074517 -1.634128 -1.410987 -1.516346
 -2.120258 -1.678429 -1.098614 -1.021653
 -12.971550 -12.971550 -12.971550 -0.000007
 -13.017012 -13.017012 -13.017012 -0.000007
 -13.102169 -13.102169 -13.102169 -0.000006
 -13.287885 -13.287885 -13.287885 -0.000005
 -1.386294 -1.386294 -1.386294 -1.386294
 -1.386294 -1.386294 -1.386294 -1.386294
 -1.386294 -1.386294 -1.386294 -1.386294
 -1.346289 -1.015435 -0.974050 -14.488457
 -13.142174 -13.142174 -13.142174 -0.000006
 -13.473026 -13.473026 -13.473026 -0.000004
 -13.514411 -13.514411 -13.514411 -0.000004
 -1.386294 -1.386294 -1.386294 -1.386294
 -1.386294 -1.386294 -1.386294 -1.386294
 -1.386294 -1.386294 -1.386294 -1.386294
 -1.386294 -1.386294 -1.386294 -1.386294
 -0.000002 -14.488457 -14.488457 -14.488457
 -14.488457 -14.488457 -0.000002 -14.488457
 -1.386294 -1.386294 -1.386294 -1.386294
 -1.386294 -1.386294 -1.386294 -1.386294
 -1.386294 -1.386294 -1.386294 -1.386294
 -1.386294 -1.386294 -1.386294 -1.386294
 -1.386294 -1.386294 -1.386294 -1.386294
 -1.471452 -1.614552 -1.722766 -0.934310
 -1.386294 -1.386294 -1.386294 -1.386294
 -1.609436 -1.408767 -1.609436 -1.034076
 -0.830353 -2.564926 -1.871796 -1.098615
 -0.990402 -2.169040 -1.763583 -1.070445
 -1.858896 -1.778854 -1.124931 -1.047970
 -1.292769 -1.446918 -1.366876 -1.446918
 -1.236764 -2.335355 -1.488076 -0.949085
 -1.189586 -1.430746 -1.749196 -1.263693
 -1.580449 -1.580449 -1.329136 -1.128467
