 -1.222117 0.000100 0.000100 0.000100
 -1.834138 0.000100 0.000100 0.000100
 -1.860456 0.000100 0.000100 0.000100
 -0.941502 0.000100 0.000100 0.000100
 -1.084627 -1.521839 -1.820331 -1.266948
 -1.453433 -1.778854 -2.264357 -0.706222
 -0.883503 -2.371569 -1.752536 -1.139435
 -1.739933 -1.835243 -1.522870 -0.805626
 -1.153963 -1.823010 -1.341174 -1.341174
 -1.303407 -1.996550 -1.755390 -0.868091
 -1.110448 -2.044752 -2.044752 -0.887305
 -1.893541 -1.512174 -1.464546 -0.921682
 -1.115563 -1.734600 -1.688080 -1.168206
 -0.996831 -2.484897 -1.865864 -0.934311
 -0.887305 -1.852382 -1.985912 -1.223776
 -1.679641 -1.649788 -1.649788 -0.845417
 -1.192545 -1.932209 -1.757857 -0.969401
 -1.137834 -1.648657 -2.410789 -0.922723
 -0.953106 -2.809387 -1.710788 -0.984855
 -1.481604 -1.992428 -1.803187 -0.751644
 -1.120119 -2.004318 -1.616555 -1.077560
 -1.535329 -2.094939 -2.228469 -0.590872
 -1.440361 -2.028143 -1.622682 -0.834228
 -1.491655 -2.002479 -1.634755 -0.809682
 -1.201267 -1.634130 -1.634130 -1.174599
 -1.163152 -2.212965 -1.856294 -0.863049
 -0.905119 -2.090736 -2.542717 -0.933290
 -1.664314 -1.638996 -1.831367 -0.784582
 -1.054161 -1.448815 -1.992428 -1.271884
 -1.187844 -1.841767 -2.104129 -0.880361
 -0.902870 -1.665006 -2.224617 -1.213024
 -1.972020 -1.554286 -1.530188 -0.837042
 -1.114361 -1.716535 -2.212969 -0.960211
 -1.068760 -2.030167 -2.197219 -0.881549
 -0.745793 -1.958809 -2.277260 -1.265667
 -1.326002 -1.710413 -1.592630 -1.049016
 -1.123931 -1.609437 -1.984129 -1.086190
 -1.111353 -2.289999 -2.066858 -0.814102
 -0.623192 -2.624654 -2.154658 -1.289668
 -1.421386 -1.863217 -1.548137 -0.939548
 -1.013195 -2.060511 -2.011721 -0.978709
 -1.185625 -2.890352 -2.197218 -0.639083
 -0.976511 -2.146575 -1.945906 -1.011603
 -1.769286 -2.125959 -1.386294 -0.776036
 -0.901903 -1.836210 -2.036879 -1.189585
 -1.044547 -2.602672 -1.591087 -0.993254
 -0.934311 -2.484897 -1.865864 -0.996831
 -1.590206 -2.069778 -1.614304 -0.753166
 -0.899762 -1.832580 -2.177419 -1.139435
 -1.304949 -2.131620 -1.592629 -0.899486
 -0.863494 -2.809387 -2.020941 -0.953106
 -2.202499 -2.251289 -1.418383 -0.612296
 -0.847299 -2.117757 -1.754853 -1.279431
 -1.386294 -2.926713 -2.079434 -0.559620
 -0.927988 -2.374898 -2.151757 -0.927988
 -1.526056 -2.113841 -1.548529 -0.800120
 -1.297063 -2.014901 -1.514127 -0.985284
 -1.553347 -1.553347 -1.553347 -1.006807
 -1.029621 -2.484897 -1.945907 -0.875471
 -2.282379 -2.233589 -1.200578 -0.713767
 -1.734599 -1.680532 -1.489478 -0.887305
 -1.133100 -2.285768 -2.468086 -0.710245
 -1.343735 -2.347031 -1.911716 -0.701883
 -2.332141 -1.590206 -1.772527 -0.636529
 -1.133705 -0.939549 -1.247033 -13.676253
 -1.412270 -0.890975 -1.060873 -13.567055
 -0.744443 -1.386294 -1.290985 -13.592372
 -2.172221 -1.324925 -0.477629 -14.678402
 -13.928843 -13.928843 -13.928843 -0.000003
 -14.214290 -14.214290 -14.214290 -0.000002
 -14.608505 -14.608505 -14.608505 -0.000001
 -1.386294 -1.386294 -1.386294 -1.386294
 -1.386294 -1.386294 -1.386294 -1.386294
 -1.386294 -1.386294 -1.386294 -1.386294
 -1.386294 -1.386294 -1.386294 -1.386294
 -2.489063 -2.440273 -0.807306 -0.957589
 -2.995692 -1.386294 -2.590244 -0.470010
 -1.791755 -2.639034 -1.658225 -0.559621
 -1.844276 -2.192582 -1.904901 -0.542325
 -3.140904 -1.723847 -0.902869 -0.986250
 -1.533929 -1.366876 -1.734598 -1.041456
 -2.302577 -1.609436 -2.169047 -0.534926
 -1.474847 -1.774951 -2.372784 -0.676342
 -2.160855 -1.966700 -0.949767 -1.027154
 -13.500805 -13.500805 -13.500805 -0.000004
 -13.604795 -13.604795 -13.604795 -0.000004
 -14.014364 -14.014364 -14.014364 -0.000002
 -14.538218 -14.538218 -14.538218 -0.000001
 -1.386294 -1.386294 -1.386294 -1.386294
 -1.386294 -1.386294 -1.386294 -1.386294
 -1.386294 -1.386294 -1.386294 -1.386294
 -15.388286 -15.388286 -15.388286 -0.000001
 -1.386294 -1.386294 -1.386294 -1.386294
 -1.386294 -1.386294 -1.386294 -1.386294
 -1.386294 -1.386294 -1.386294 -1.386294
 -15.388286 -15.388286 -15.388286 -0.000001
 -1.386294 -1.386294 -1.386294 -1.386294
 -1.386294 -1.386294 -1.386294 -1.386294
 -1.386294 -1.386294 -1.386294 -1.386294
 -0.000001 -15.388286 -15.388286 -15.388286
 -15.388286 -15.388286 -0.000001 -15.388286
 -1.386294 -1.386294 -1.386294 -1.386294
 -1.386294 -1.386294 -1.386294 -1.386294
 -1.386294 -1.386294 -1.386294 -1.386294
 -1.386294 -1.386294 -1.386294 -1.386294
 -1.386294 -1.386294 -1.386294 -1.386294
 -1.215100 -2.712206 -0.752994 -1.795917
 -1.386294 -1.386294 -1.386294 -1.386294
 -1.784789 -1.630639 -1.466337 -0.902403
 -1.519824 -1.856290 -1.386294 -0.980833
 -1.235296 -2.092744 -1.687280 -0.914091
 -3.283386 -1.673975 -1.337505 -0.668457
 -1.021652 -1.832579 -1.966110 -1.078811
 -1.440361 -2.251285 -1.558144 -0.804375
 -1.060873 -2.341799 -1.312187 -1.243194
 -1.594695 -1.644706 -1.197394 -1.197394
 -1.285824 0.000100 0.000100 0.000100
 -1.516347 0.000100 0.000100 0.000100
 -1.580063 0.000100 0.000100 0.000100
 -1.210317 0.000100 0.000100 0.000100
 -1.069626 -1.580450 -1.406097 -1.580450
 -0.993253 -2.315000 -1.561235 -1.136354
 -0.929538 -2.028143 -1.440361 -1.440361
 -1.927889 -0.986910 -1.368276 -1.481604
 -1.154183 -1.765090 -1.531476 -1.213023
 -1.014732 -1.742967 -1.437587 -1.491654
 -0.893820 -2.397887 -1.341843 -1.432814
 -2.101910 -1.280934 -1.321756 -1.098613
 -1.020652 -2.311630 -1.183170 -1.451433
 -0.857453 -1.887066 -1.791756 -1.356441
 -1.132515 -1.934857 -1.455287 -1.203974
 -1.916920 -1.489478 -1.041455 -1.292769
 -1.107582 -2.320598 -1.252764 -1.252764
 -0.907560 -1.740463 -1.558143 -1.558143
 -0.911402 -1.852382 -1.916920 -1.223776
 -1.751752 -1.694594 -1.289131 -1.001450
 -0.986496 -1.512588 -1.774951 -1.438480
 -1.299284 -1.704745 -1.704745 -1.011603
 -1.196252 -1.681757 -1.509908 -1.235472
 -2.061419 -1.522426 -1.655957 -0.768656
 -1.129385 -1.599387 -1.227825 -1.704747
 -1.072638 -1.932834 -1.932834 -0.998531
 -1.029621 -1.850597 -1.763586 -1.157454
 -1.684786 -1.524444 -1.488077 -0.991641
 -1.108092 -1.667706 -1.079921 -1.955386
 -0.938272 -1.669155 -2.036877 -1.238375
 -1.049824 -1.609437 -1.897117 -1.203974
 -2.097137 -1.335001 -1.335001 -1.047320
 -0.980831 -1.754017 -1.699951 -1.312187
 -1.191395 -1.661396 -1.536234 -1.233954
 -1.247033 -1.287855 -1.757856 -1.330414
 -1.376244 -1.550597 -2.030167 -0.906242
 -0.920727 -1.591893 -1.782947 -1.469291
 -0.890975 -1.648657 -1.958809 -1.360977
 -1.023391 -1.760985 -2.367113 -0.980831
 -1.600703 -1.368903 -1.403994 -1.209838
 -1.098613 -1.410987 -1.554087 -1.554087
 -1.412270 -1.717649 -1.584119 -0.989415
 -1.214445 -1.673974 -1.760985 -1.067842
 -1.699951 -1.599868 -1.466337 -0.955513
 -1.001450 -1.751752 -1.289131 -1.694594
 -0.847300 -2.146575 -1.778854 -1.252764
 -0.942610 -1.778854 -1.635754 -1.399366
 -1.928958 -1.394878 -1.360977 -1.048603
 -0.969402 -1.920375 -1.495493 -1.386294
 -0.923673 -1.916918 -2.140059 -1.084015
 -0.946145 -2.245420 -1.609437 -1.184556
 -2.302579 -1.309334 -1.560647 -0.867502
 -1.180851 -2.028145 -1.270463 -1.270463
 -1.098614 -1.658226 -1.658226 -1.252764
 -0.780161 -2.890352 -1.386294 -1.443452
 -2.014900 -1.491655 -1.203973 -1.073920
 -1.127601 -1.945907 -1.709520 -1.043043
 -0.764609 -2.268674 -2.114525 -1.170073
 -1.029621 -1.876915 -1.449473 -1.366092
 -1.909540 -1.386294 -1.546636 -0.944463
 -1.499623 -1.540444 -1.221992 -1.317302
 -0.741940 -2.197217 -1.840546 -1.370546
 -1.057792 -1.878767 -1.637607 -1.185625
 -1.859580 -1.712977 -1.220503 -0.997360
 -1.011602 -1.129385 -1.161133 -13.805464
 -1.023391 -1.760985 -0.757689 -13.369229
 -0.661401 -1.274503 -1.588160 -13.742944
 -1.549333 -1.116471 -0.776146 -13.937732
 -14.085541 -14.085541 -14.085541 -0.000002
 -13.873783 -13.873783 -13.873783 -0.000003
 -14.093145 -14.093145 -14.093145 -0.000002
 -1.386294 -1.386294 -1.386294 -1.386294
 -1.386294 -1.386294 -1.386294 -1.386294
 -1.386294 -1.386294 -1.386294 -1.386294
 -1.386294 -1.386294 -1.386294 -1.386294
 -2.273209 -1.336086 -1.305627 -1.012957
 -2.028139 -2.028139 -1.335002 -0.747219
 -1.242507 -1.866658 -1.684338 -0.991193
 -1.078811 -1.771955 -1.609437 -1.237875
 -2.595248 -1.401332 -1.184268 -0.985818
 -1.348073 -1.399366 -1.348073 -1.453433
 -1.252764 -1.415282 -1.358124 -1.540444
 -1.353142 -1.269761 -1.923684 -1.156433
 -1.363989 -1.456362 -1.106160 -1.712294
 -13.785055 -13.785055 -13.785055 -0.000003
 -13.732133 -13.732133 -13.732133 -0.000003
 -13.764221 -13.764221 -13.764221 -0.000003
 -13.652996 -13.652996 -13.652996 -0.000004
 -1.386294 -1.386294 -1.386294 -1.386294
 -1.386294 -1.386294 -1.386294 -1.386294
 -1.386294 -1.386294 -1.386294 -1.386294
 -15.121138 -15.121138 -15.121138 -0.000001
 -1.386294 -1.386294 -1.386294 -1.386294
 -1.386294 -1.386294 -1.386294 -1.386294
 -1.386294 -1.386294 -1.386294 -1.386294
 -15.121138 -15.121138 -15.121138 -0.000001
 -1.386294 -1.386294 -1.386294 -1.386294
 -1.386294 -1.386294 -1.386294 -1.386294
 -1.386294 -1.386294 -1.386294 -1.386294
 -0.000001 -15.121138 -15.121138 -15.121138
 -15.121138 -15.121138 -0.000001 -15.121138
 -1.386294 -1.386294 -1.386294 -1.386294
 -1.386294 -1.386294 -1.386294 -1.386294
 -1.386294 -1.386294 -1.386294 -1.386294
 -1.386294 -1.386294 -1.386294 -1.386294
 -1.386294 -1.386294 -1.386294 -1.386294
 -1.378197 -1.378197 -2.039595 -1.005522
 -1.386294 -1.386294 -1.386294 -1.386294
 -1.354546 -1.699385 -1.131403 -1.441557
 -1.066865 -1.760009 -1.824547 -1.131403
 -0.470009 -2.484890 -2.079433 -1.791755
 -1.537978 -1.167606 -1.573070 -1.321756
 -1.218572 -1.749198 -1.526056 -1.161414
 -0.935462 -1.884538 -1.804496 -1.233954
 -1.191395 -1.971549 -1.730388 -0.968252
 -1.925288 -1.673975 -1.268512 -0.953432
