 -1.315067 0.000100 0.000100 0.000100
 -1.544480 0.000100 0.000100 0.000100
 -1.922036 0.000100 0.000100 0.000100
 -0.989367 0.000100 0.000100 0.000100
 -1.108663 -1.687399 -1.660731 -1.220780
 -1.513556 -1.810806 -1.977860 -0.738172
 -1.080431 -1.918757 -1.513294 -1.225613
 -1.817354 -1.496883 -1.598665 -0.887820
 -1.066352 -1.775498 -1.448286 -1.380845
 -1.514772 -1.813264 -1.857716 -0.774374
 -0.952659 -1.763587 -2.302581 -1.070442
 -1.706529 -1.418847 -1.495220 -1.043235
 -0.886586 -1.579732 -1.961099 -1.422104
 -1.133460 -1.651401 -2.275553 -0.958256
 -0.878291 -2.247773 -2.470915 -0.930476
 -1.475422 -1.681758 -1.661139 -0.927987
 -1.246709 -1.539096 -1.597365 -1.218929
 -1.121603 -1.704747 -1.992428 -1.032655
 -1.089044 -2.079437 -2.005330 -0.906723
 -1.598052 -1.930757 -1.636518 -0.780853
 -1.319284 -1.752919 -1.670681 -0.990780
 -1.418043 -1.593933 -2.018814 -0.863047
 -1.019149 -2.251288 -2.117757 -0.883017
 -1.483024 -1.880706 -1.634573 -0.854416
 -1.108817 -1.545534 -2.105148 -1.093549
 -1.244325 -1.726161 -1.880311 -0.964023
 -0.944463 -2.271328 -2.351370 -0.885039
 -1.888386 -1.468532 -1.468532 -0.946344
 -1.483668 -1.461195 -1.712509 -1.019364
 -1.549619 -1.457246 -1.987872 -0.872734
 -1.131403 -1.729238 -1.987066 -1.013620
 -1.809713 -1.649370 -1.404248 -0.919856
 -1.169382 -1.680206 -1.584896 -1.210204
 -1.036093 -1.907929 -2.153050 -0.965889
 -1.016935 -2.004318 -2.240706 -0.923409
 -1.771140 -1.711716 -1.473306 -0.867170
 -1.005522 -1.826501 -1.921811 -1.118318
 -1.293921 -1.875841 -2.335370 -0.742746
 -0.931559 -1.992428 -2.174748 -1.032655
 -1.521840 -1.605923 -1.571437 -0.985536
 -0.885384 -1.910663 -2.005973 -1.187664
 -0.972987 -1.953813 -2.205126 -0.994040
 -1.090029 -2.188637 -2.114529 -0.841569
 -1.472329 -1.824548 -1.504077 -0.949081
 -0.877942 -2.197222 -2.125764 -1.038715
 -0.907160 -2.388756 -1.918757 -1.027787
 -0.875470 -2.302580 -2.079438 -1.026293
 -1.658228 -1.848271 -1.346792 -0.936643
 -0.864998 -2.290510 -1.771718 -1.178655
 -0.832911 -1.749198 -2.575869 -1.154494
 -0.716316 -2.390285 -2.167144 -1.186318
 -1.704748 -1.766623 -1.457888 -0.880573
 -0.957840 -1.768769 -1.942041 -1.196251
 -1.108664 -1.660730 -2.659250 -0.891600
 -0.844698 -2.212969 -2.654798 -0.940008
 -1.795627 -1.867948 -1.462483 -0.803239
 -1.377636 -1.467787 -1.941571 -0.983733
 -1.360977 -1.989582 -1.871800 -0.791884
 -0.943199 -2.329487 -2.088327 -0.943199
 -2.097140 -1.845826 -1.348424 -0.777292
 -1.562645 -1.356794 -2.173552 -0.869500
 -1.331806 -2.525722 -1.783790 -0.717441
 -1.715597 -1.990033 -1.638636 -0.714968
 -2.194043 -2.165873 -1.500898 -0.596102
 -1.023390 -0.826680 -1.593933 -14.062374
 -0.770110 -1.216396 -1.424035 -13.892475
 -0.761099 -1.309063 -1.336462 -14.130324
 -1.808019 -1.200395 -0.625590 -15.129235
 -1.178655 -0.876375 -1.287289 -14.608505
 -0.990724 -1.340926 -1.002153 -14.678402
 -1.074515 -1.328749 -0.932095 -14.869824
 -1.386294 -1.386294 -1.386294 -1.386294
 -1.753144 -1.625311 -1.848454 -0.749843
 -1.911718 -2.142241 -1.546259 -0.650589
 -1.613276 -2.130532 -1.981000 -0.608694
 -1.386294 -1.386294 -1.386294 -1.386294
 -1.823010 -1.776491 -2.302580 -0.563471
 -2.197220 -1.686398 -1.424035 -0.770110
 -2.055722 -1.937940 -1.995098 -0.524250
 -2.361900 -1.867882 -0.982576 -0.975608
 -1.670061 -1.351609 -2.496732 -0.753774
 -1.734600 -1.643628 -1.945908 -0.718682
 -1.555635 -2.035207 -1.555635 -0.804669
 -2.251290 -1.809458 -1.089879 -0.929536
 -13.955276 -13.955276 -13.955276 -0.000003
 -14.054531 -14.054531 -14.054531 -0.000002
 -14.408839 -14.408839 -14.408839 -0.000002
 -14.984893 -14.984893 -14.984893 -0.000001
 -1.386294 -1.386294 -1.386294 -1.386294
 -1.386294 -1.386294 -1.386294 -1.386294
 -1.386294 -1.386294 -1.386294 -1.386294
 -2.624399 -1.330181 -1.582946 -0.781502
 -13.199332 -13.199332 -13.199332 -0.000006
 -14.493546 -14.493546 -14.493546 -0.000002
 -14.240781 -14.240781 -14.240781 -0.000002
 -15.042224 -15.042224 -15.042224 -0.000001
 -1.386294 -1.386294 -1.386294 -1.386294
 -1.386294 -1.386294 -1.386294 -1.386294
 -1.386294 -1.386294 -1.386294 -1.386294
 -0.000000 -15.823725 -15.823725 -15.823725
 -15.823725 -15.823725 -0.000000 -15.823725
 -1.386294 -1.386294 -1.386294 -1.386294
 -1.386294 -1.386294 -1.386294 -1.386294
 -1.386294 -1.386294 -1.386294 -1.386294
 -1.386294 -1.386294 -1.386294 -1.386294
 -1.386294 -1.386294 -1.386294 -1.386294
 -1.242746 -2.899810 -0.575514 -2.364888
 -1.386294 -1.386294 -1.386294 -1.386294
 -1.707076 -2.003340 -1.293101 -0.893302
 -2.104124 -1.634128 -2.327262 -0.535524
 -1.328341 -2.086626 -1.926996 -0.764872
 -2.456725 -1.540444 -1.475906 -0.751990
 -1.189584 -1.990360 -1.555043 -1.056053
 -1.312187 -2.246490 -1.466337 -0.930820
 -0.990400 -1.897118 -1.897118 -1.113002
 -1.751408 -1.524880 -1.203973 -1.174985
 -1.343200 0.000100 0.000100 0.000100
 -1.618655 0.000100 0.000100 0.000100
 -1.517470 0.000100 0.000100 0.000100
 -1.134572 0.000100 0.000100 0.000100
 -1.167731 -1.625381 -1.313442 -1.499693
 -1.133952 -1.625774 -1.568616 -1.297741
 -1.045647 -1.892944 -1.669801 -1.172399
 -1.927535 -1.568901 -1.114429 -1.145336
 -1.105462 -1.645932 -1.545006 -1.336367
 -1.093805 -1.609438 -1.808770 -1.199965
 -1.039975 -1.641932 -1.738159 -1.283424
 -1.934610 -1.467420 -1.467420 -0.930186
 -1.243945 -1.660646 -1.362427 -1.325386
 -1.132746 -1.758753 -1.648211 -1.160916
 -1.138571 -1.962170 -1.618697 -1.075832
 -1.748462 -1.469291 -1.191271 -1.230880
 -1.116004 -1.830428 -1.239064 -1.503216
 -1.044290 -1.877888 -1.320543 -1.477728
 -0.958122 -1.903971 -1.506874 -1.403196
 -1.751122 -1.428654 -1.049164 -1.441557
 -1.121815 -1.679086 -1.499501 -1.329816
 -1.065987 -1.708582 -1.766569 -1.192138
 -0.861803 -1.842631 -1.746403 -1.407314
 -1.755111 -1.531968 -1.478858 -0.959449
 -1.139434 -1.706893 -1.397789 -1.380596
 -1.069199 -1.953400 -1.705992 -1.098613
 -1.140577 -1.892564 -1.538924 -1.154965
 -1.742969 -1.308177 -1.279685 -1.285318
 -1.314049 -1.560182 -1.249511 -1.450182
 -0.947506 -1.784692 -1.743307 -1.311174
 -0.992480 -1.577146 -1.625002 -1.487801
 -1.883874 -1.433805 -1.185478 -1.190728
 -1.110041 -1.594933 -1.586965 -1.335651
 -1.034897 -1.728043 -1.845826 -1.173733
 -0.926471 -1.596629 -1.831201 -1.421912
 -1.848189 -1.360092 -1.454024 -1.043521
 -1.089684 -1.851823 -1.488504 -1.269342
 -1.163585 -1.884902 -1.815909 -0.985904
 -1.157889 -1.784590 -1.702353 -1.091444
 -1.787031 -1.413518 -1.192975 -1.251973
 -1.186524 -1.752919 -1.376442 -1.313130
 -1.091122 -1.671473 -1.570121 -1.316133
 -1.108786 -1.736627 -1.567806 -1.253776
 -1.787364 -1.480137 -1.376068 -1.042923
 -1.047907 -1.890430 -1.569959 -1.236949
 -1.177471 -1.534146 -2.037671 -1.061399
 -1.065886 -1.631199 -1.759032 -1.245937
 -1.796378 -1.428654 -1.650196 -0.910165
 -1.027375 -1.780586 -1.582516 -1.316553
 -1.110120 -1.789473 -1.831437 -1.069298
 -1.022502 -2.020017 -1.552421 -1.217672
 -1.871802 -1.490435 -1.408517 -0.977173
 -1.161861 -1.747588 -1.367124 -1.354546
 -1.093549 -1.849216 -1.658862 -1.148037
 -0.952901 -1.924357 -1.585755 -1.333260
 -1.757009 -1.577424 -1.185752 -1.153859
 -1.134447 -1.658628 -1.737271 -1.164752
 -1.111753 -1.617301 -1.789151 -1.185861
 -1.155446 -1.732761 -1.652718 -1.149615
 -1.922342 -1.509657 -1.607849 -0.838329
 -1.159767 -1.735731 -1.431363 -1.304949
 -0.957840 -2.326114 -1.632968 -1.129311
 -1.017809 -1.767308 -1.767308 -1.213923
 -1.883109 -1.584616 -1.110589 -1.159981
 -0.893636 -1.424664 -1.049121 -15.625438
 -0.807558 -1.470852 -1.126011 -15.123844
 -0.613530 -1.605761 -1.355467 -15.507450
 -1.398564 -0.968708 -0.984903 -15.696502
 -0.964507 -1.205122 -1.142021 -15.979982
 -0.759722 -1.343170 -1.304949 -15.590464
 -0.822119 -1.139782 -1.424570 -15.788202
 -1.386294 -1.386294 -1.386294 -1.386294
 -1.352249 -1.734962 -1.183265 -1.352249
 -1.084755 -1.768770 -1.894539 -1.075623
 -1.157602 -1.696598 -1.780368 -1.096977
 -1.386294 -1.386294 -1.386294 -1.386294
 -1.425577 -1.774952 -1.109457 -1.345534
 -1.132962 -1.826108 -1.522426 -1.208311
 -0.896813 -1.945910 -1.761176 -1.282177
 -1.726090 -1.513168 -1.098612 -1.314991
 -1.351609 -1.371282 -1.626387 -1.235270
 -1.447565 -1.614619 -1.738917 -0.941145
 -1.179902 -1.270359 -1.815290 -1.389622
 -1.795120 -1.214091 -1.386294 -1.248577
 -15.481330 -15.481330 -15.481330 -0.000001
 -15.562970 -15.562970 -15.562970 -0.000001
 -15.278767 -15.278767 -15.278767 -0.000001
 -15.679591 -15.679591 -15.679591 -0.000000
 -1.386294 -1.386294 -1.386294 -1.386294
 -1.386294 -1.386294 -1.386294 -1.386294
 -1.386294 -1.386294 -1.386294 -1.386294
 -2.000105 -1.464504 -1.519564 -0.880251
 -14.897317 -14.897317 -14.897317 -0.000001
 -15.432918 -15.432918 -15.432918 -0.000001
 -15.377858 -15.377858 -15.377858 -0.000001
 -16.017170 -16.017170 -16.017170 -0.000000
 -1.386294 -1.386294 -1.386294 -1.386294
 -1.386294 -1.386294 -1.386294 -1.386294
 -1.386294 -1.386294 -1.386294 -1.386294
 0.000000 -16.897421 -16.897421 -16.897421
 -16.897421 -16.897421 -0.000000 -16.897421
 -1.386294 -1.386294 -1.386294 -1.386294
 -1.386294 -1.386294 -1.386294 -1.386294
 -1.386294 -1.386294 -1.386294 -1.386294
 -1.386294 -1.386294 -1.386294 -1.386294
 -1.386294 -1.386294 -1.386294 -1.386294
 -1.140295 -1.542895 -1.869969 -1.163518
 -1.386294 -1.386294 -1.386294 -1.386294
 -1.148623 -1.702598 -1.416887 -1.353829
 -0.891912 -1.826697 -2.083742 -1.188359
 -0.904457 -1.706237 -2.055910 -1.252763
 -1.633213 -1.297816 -1.364507 -1.287120
 -1.240359 -1.656028 -1.314076 -1.381899
 -0.983059 -1.737575 -1.676206 -1.336338
 -1.078545 -1.726376 -1.500705 -1.350892
 -1.832169 -1.451053 -1.208383 -1.181133
