 -1.302614 0.000100 0.000100 0.000100
 -1.703502 0.000100 0.000100 0.000100
 -1.745466 0.000100 0.000100 0.000100
 -0.990016 0.000100 0.000100 0.000100
 -1.225613 -1.433251 -1.472472 -1.433251
 -1.199418 -1.805550 -2.904145 -0.735114
 -1.113002 -1.850597 -1.609436 -1.157454
 -1.868451 -1.868451 -1.507438 -0.755452
 -1.309334 -1.660730 -1.660730 -1.049823
 -1.332227 -2.079436 -2.197218 -0.693150
 -1.034898 -2.028143 -2.028143 -0.963439
 -1.663141 -1.629240 -1.894942 -0.767759
 -1.190986 -1.489478 -1.985912 -1.098613
 -1.128467 -1.580449 -2.610055 -0.923673
 -1.098614 -1.696447 -2.302575 -0.958853
 -1.922786 -1.586315 -1.740465 -0.747216
 -1.326871 -1.540444 -1.640527 -1.119233
 -1.327798 -1.933930 -1.710788 -0.892482
 -1.174121 -1.442383 -2.061416 -1.116963
 -1.671957 -1.671957 -1.887068 -0.749238
 -1.163152 -1.925288 -1.791757 -0.980831
 -1.208312 -1.571216 -2.264357 -0.942610
 -0.970781 -1.791756 -2.110207 -1.098614
 -1.996552 -1.561235 -1.868719 -0.693148
 -1.108664 -1.966110 -1.771955 -1.021652
 -1.021653 -2.014898 -2.371569 -0.883503
 -0.865000 -1.963604 -1.963604 -1.209839
 -1.695911 -1.546379 -1.392229 -1.035555
 -1.134015 -1.566878 -1.800491 -1.189585
 -1.275069 -1.821609 -1.916918 -0.887305
 -1.045970 -1.739113 -1.906166 -1.126013
 -1.925289 -1.834317 -1.232144 -0.909371
 -0.971169 -1.995668 -1.862138 -1.108369
 -1.218158 -1.554629 -2.065450 -1.004585
 -0.910214 -2.104129 -2.209488 -1.005523
 -1.450373 -2.143517 -1.339148 -0.951383
 -1.037526 -1.799663 -2.071595 -1.037526
 -1.029622 -4.025259 -1.945905 -0.729518
 -1.098614 -2.330747 -2.330747 -0.750308
 -1.805551 -1.764729 -1.428258 -0.856473
 -1.013817 -1.954796 -2.530156 -0.877242
 -1.098614 -1.686396 -2.379534 -0.944464
 -0.893820 -2.397885 -2.397885 -0.893820
 -1.722766 -1.988468 -1.540445 -0.754517
 -1.064712 -1.757856 -1.863216 -1.116005
 -1.810105 -1.927886 -1.368276 -0.829283
 -0.806479 -2.415901 -2.415901 -0.980832
 -1.940178 -1.826850 -1.098613 -1.015921
 -1.129385 -1.550597 -2.292529 -1.011602
 -1.545923 -1.808285 -2.501422 -0.614370
 -1.152680 -1.988924 -1.781286 -0.970359
 -1.687769 -1.805551 -1.346021 -0.940556
 -1.190986 -1.791758 -1.629239 -1.098613
 -1.223776 -1.916918 -2.427737 -0.753775
 -0.623192 -2.847793 -1.931517 -1.343735
 -1.653608 -1.755391 -1.398717 -0.944463
 -1.560247 -1.446919 -1.888749 -0.907924
 -1.369487 -1.592629 -2.285768 -0.819444
 -1.152681 -2.251285 -1.932834 -0.834228
 -2.045991 -1.771555 -1.301553 -0.847299
 -1.585626 -1.646250 -1.779781 -0.835324
 -1.582408 -2.211011 -2.904145 -0.461821
 -1.832578 -2.371569 -1.752536 -0.556291
 -2.496736 -1.768502 -1.701810 -0.571452
 -1.015923 -0.659249 -2.114525 -13.270790
 -1.203974 -1.203974 -0.916293 -13.304691
 -0.869040 -1.419084 -1.082614 -13.337481
 -2.065957 -1.271029 -0.522966 -14.608505
 -13.742944 -13.742944 -13.742944 -0.000003
 -14.038657 -14.038657 -14.038657 -0.000002
 -14.419828 -14.419828 -14.419828 -0.000002
 -1.386294 -1.386294 -1.386294 -1.386294
 -1.386294 -1.386294 -1.386294 -1.386294
 -1.386294 -1.386294 -1.386294 -1.386294
 -1.386294 -1.386294 -1.386294 -1.386294
 -2.232760 -2.062135 -1.141931 -0.806576
 -1.563974 -1.969433 -3.068012 -0.503109
 -1.734598 -1.223777 -1.852379 -0.987389
 -1.716535 -1.856296 -1.807506 -0.693149
 -2.297011 -1.498506 -1.380723 -0.856653
 -1.679640 -1.774949 -2.285768 -0.611805
 -1.755390 -2.448530 -2.091859 -0.482429
 -1.152681 -2.028143 -1.765782 -0.963439
 -3.023122 -2.001478 -1.159913 -0.687757
 -13.270790 -13.270790 -13.270790 -0.000005
 -13.161592 -13.161592 -13.161592 -0.000006
 -13.676253 -13.676253 -13.676253 -0.000003
 -14.528462 -14.528462 -14.528462 -0.000001
 -1.386294 -1.386294 -1.386294 -1.386294
 -1.386294 -1.386294 -1.386294 -1.386294
 -1.386294 -1.386294 -1.386294 -1.386294
 -1.804306 -0.864063 -0.881974 -15.204303
 -13.400002 -13.400002 -13.400002 -0.000005
 -14.340241 -14.340241 -14.340241 -0.000002
 -14.322330 -14.322330 -14.322330 -0.000002
 -1.386294 -1.386294 -1.386294 -1.386294
 -1.386294 -1.386294 -1.386294 -1.386294
 -1.386294 -1.386294 -1.386294 -1.386294
 -1.386294 -1.386294 -1.386294 -1.386294
 -0.000001 -15.204303 -15.204303 -15.204303
 -15.204303 -15.204303 -0.000001 -15.204303
 -1.386294 -1.386294 -1.386294 -1.386294
 -1.386294 -1.386294 -1.386294 -1.386294
 -1.386294 -1.386294 -1.386294 -1.386294
 -1.386294 -1.386294 -1.386294 -1.386294
 -1.386294 -1.386294 -1.386294 -1.386294
 -1.198171 -2.949435 -0.720962 -1.835078
 -1.386294 -1.386294 -1.386294 -1.386294
 -1.361803 -2.230837 -1.499953 -0.883769
 -1.945896 -12.254882 -1.435084 -0.479584
 -1.129865 -2.277264 -1.905702 -0.854160
 -2.367113 -1.760985 -1.593932 -0.632526
 -1.168994 -1.744356 -1.590206 -1.168994
 -1.076142 -1.992423 -2.397879 -0.839755
 -1.085191 -1.596014 -1.665006 -1.308333
 -1.758969 -1.431757 -1.222665 -1.222665
 -1.241866 0.000100 0.000100 0.000100
 -1.574209 0.000100 0.000100 0.000100
 -1.518120 0.000100 0.000100 0.000100
 -1.255756 0.000100 0.000100 0.000100
 -1.263162 -1.542746 -1.287855 -1.480226
 -1.033474 -1.936338 -1.699951 -1.147884
 -0.916292 -1.992427 -1.299283 -1.655957
 -1.784789 -1.466337 -1.112698 -1.299283
 -1.199417 -1.987872 -1.487099 -1.091787
 -1.046788 -1.904235 -1.770704 -1.109309
 -0.887304 -1.968214 -1.511457 -1.478667
 -2.128228 -1.370546 -1.402295 -0.965082
 -1.190550 -1.563225 -1.413693 -1.413693
 -1.264598 -1.957741 -2.140061 -0.779092
 -1.299283 -1.404643 -1.756040 -1.174121
 -2.024379 -1.513556 -1.117661 -1.137079
 -0.980830 -1.742968 -1.321756 -1.696448
 -1.098613 -1.609437 -1.562917 -1.358124
 -1.151257 -1.626679 -1.178656 -1.717650
 -1.641186 -1.548813 -1.361602 -1.086190
 -1.147065 -1.701374 -1.665007 -1.168571
 -1.039773 -1.550597 -2.515670 -1.039773
 -1.046557 -1.542992 -1.879463 -1.264280
 -1.987066 -1.264934 -1.601405 -0.970135
 -1.064712 -1.542746 -1.510998 -1.510998
 -1.126012 -1.713796 -1.713796 -1.154183
 -0.993253 -1.755390 -1.996550 -1.136354
 -1.847847 -1.671957 -1.135654 -1.098613
 -1.171638 -1.521839 -1.218158 -1.736950
 -1.130362 -1.345473 -1.856295 -1.345473
 -1.352393 -1.757856 -1.534714 -1.040019
 -1.701374 -1.413693 -1.386294 -1.126012
 -1.193923 -1.481604 -1.481604 -1.417066
 -0.889859 -1.828125 -1.774058 -1.351203
 -1.090245 -1.688080 -1.601069 -1.282616
 -1.533276 -1.602269 -1.220902 -1.245595
 -1.288656 -1.312187 -1.553348 -1.412270
 -1.058608 -1.589234 -1.876915 -1.217672
 -1.270463 -1.691675 -1.478101 -1.180851
 -1.806796 -1.496642 -1.260254 -1.113651
 -1.113998 -1.930756 -1.474000 -1.211636
 -1.172040 -1.682864 -1.954796 -1.013817
 -1.054938 -1.945907 -1.673975 -1.134981
 -1.764729 -1.805551 -1.245937 -0.976274
 -1.149165 -1.777772 -1.521839 -1.218158
 -1.386294 -1.163152 -1.673975 -1.386294
 -0.977777 -1.646824 -1.858132 -1.290151
 -1.963608 -1.190420 -1.403994 -1.171372
 -1.038894 -2.564942 -1.284016 -1.229949
 -0.912202 -2.095968 -1.970805 -1.090450
 -0.825321 -1.820745 -1.881369 -1.395864
 -1.841238 -1.575536 -1.339148 -0.987751
 -1.005523 -1.841769 -1.315677 -1.573505
 -0.909372 -1.637607 -1.878767 -1.386294
 -0.959258 -1.677095 -2.107876 -1.176322
 -1.890849 -1.773066 -1.079921 -1.079921
 -1.323381 -1.426035 -1.481604 -1.323381
 -1.098613 -1.757856 -1.421386 -1.374866
 -1.220503 -1.436725 -1.508184 -1.402824
 -1.938740 -1.323556 -1.408113 -1.063274
 -1.540444 -1.745238 -1.309922 -1.075083
 -0.800394 -2.285773 -1.635189 -1.369487
 -0.850152 -2.197220 -1.766440 -1.235814
 -1.813264 -1.422399 -1.056940 -1.393412
 -1.060147 -1.504077 -0.840784 -14.240781
 -1.175574 -1.136354 -0.993253 -13.604795
 -0.709149 -1.280934 -1.468986 -14.046625
 -1.372308 -1.105680 -0.878291 -14.166170
 -14.380827 -14.380827 -14.380827 -0.000002
 -14.166170 -14.166170 -14.166170 -0.000002
 -14.425279 -14.425279 -14.425279 -0.000002
 -1.386294 -1.386294 -1.386294 -1.386294
 -1.386294 -1.386294 -1.386294 -1.386294
 -1.386294 -1.386294 -1.386294 -1.386294
 -1.386294 -1.386294 -1.386294 -1.386294
 -1.799759 -1.366570 -1.305945 -1.175175
 -1.199966 -1.779781 -1.474401 -1.199966
 -1.355523 -1.386294 -1.519825 -1.296682
 -1.020835 -1.868131 -1.329136 -1.511457
 -1.488077 -1.865370 -1.111600 -1.236763
 -1.372308 -1.554629 -1.554629 -1.127186
 -1.515127 -1.375365 -2.208269 -0.873275
 -1.208961 -1.762344 -1.371479 -1.286922
 -1.814231 -1.960834 -1.408767 -0.794402
 -13.981029 -13.981029 -13.981029 -0.000003
 -13.764221 -13.764221 -13.764221 -0.000003
 -13.883173 -13.883173 -13.883173 -0.000003
 -14.414350 -14.414350 -14.414350 -0.000002
 -1.386294 -1.386294 -1.386294 -1.386294
 -1.386294 -1.386294 -1.386294 -1.386294
 -1.386294 -1.386294 -1.386294 -1.386294
 -1.482401 -0.976853 -0.925296 -15.428941
 -13.946543 -13.946543 -13.946543 -0.000003
 -14.452089 -14.452089 -14.452089 -0.000002
 -14.503647 -14.503647 -14.503647 -0.000002
 -1.386294 -1.386294 -1.386294 -1.386294
 -1.386294 -1.386294 -1.386294 -1.386294
 -1.386294 -1.386294 -1.386294 -1.386294
 -1.386294 -1.386294 -1.386294 -1.386294
 -0.000001 -15.428941 -15.428941 -15.428941
 -15.428942 -15.428942 -0.000001 -15.428942
 -1.386294 -1.386294 -1.386294 -1.386294
 -1.386294 -1.386294 -1.386294 -1.386294
 -1.386294 -1.386294 -1.386294 -1.386294
 -1.386294 -1.386294 -1.386294 -1.386294
 -1.386294 -1.386294 -1.386294 -1.386294
 -1.149696 -1.518120 -1.887866 -1.162354
 -1.386294 -1.386294 -1.386294 -1.386294
 -1.117661 -1.890849 -1.331235 -1.355332
 -0.893819 -1.927889 -1.756040 -1.299283
 -0.834228 -1.765782 -1.691674 -1.558144
 -1.249584 -1.655048 -1.472727 -1.227605
 -1.252763 -1.380596 -1.139435 -1.945908
 -0.922335 -1.423108 -1.710788 -1.710788
 -1.154183 -1.713796 -1.342234 -1.413693
 -2.057133 -1.489151 -1.176778 -1.083687
