 -1.380856 0.000100 0.000100 0.000100
 -1.547910 0.000100 0.000100 0.000100
 -1.834815 0.000100 0.000100 0.000100
 -0.977365 0.000100 0.000100 0.000100
 -1.238078 -1.555682 -1.674634 -1.165916
 -1.307867 -1.654737 -2.211308 -0.846522
 -0.946238 -2.278042 -2.013350 -0.978761
 -1.704748 -1.406255 -1.787814 -0.901902
 -1.072345 -1.503127 -1.921495 -1.241421
 -1.386294 -1.467972 -2.099243 -0.923671
 -1.108274 -1.871801 -1.936340 -0.989413
 -1.827407 -1.344383 -1.643742 -0.953956
 -1.138698 -1.617327 -2.042793 -1.045062
 -1.421696 -1.800493 -2.070783 -0.760589
 -0.911629 -1.879620 -2.370242 -1.044054
 -1.744739 -1.357818 -1.706124 -0.950572
 -1.063391 -1.590746 -1.996210 -1.154883
 -1.211263 -1.818754 -2.656149 -0.755590
 -0.992553 -1.871801 -2.129630 -1.031019
 -1.756843 -1.487714 -1.665552 -0.885673
 -1.064528 -1.605795 -1.840367 -1.218679
 -1.329976 -1.794281 -2.222735 -0.774451
 -1.024002 -1.960094 -2.183237 -0.948494
 -1.794301 -1.482112 -1.685891 -0.864363
 -1.079815 -1.662030 -1.789863 -1.192027
 -1.225296 -1.674820 -2.194695 -0.897482
 -1.057271 -1.901458 -1.923436 -1.029620
 -1.664282 -1.605633 -1.677795 -0.860086
 -1.164240 -1.515944 -2.200860 -1.028531
 -1.300165 -1.630829 -2.221321 -0.859721
 -0.853490 -2.169824 -2.169824 -1.062245
 -1.711314 -1.614687 -1.588712 -0.876517
 -1.211869 -1.532611 -1.747386 -1.164240
 -1.214444 -1.839768 -2.122000 -0.856893
 -0.950777 -2.103455 -1.902785 -1.071855
 -1.684621 -1.562283 -1.733754 -0.848146
 -1.157960 -1.615030 -1.957125 -1.062112
 -1.399505 -1.652340 -2.446290 -0.744303
 -0.939638 -2.172906 -1.933677 -1.047627
 -1.680466 -1.619841 -1.632999 -0.866454
 -1.098612 -1.518222 -1.923686 -1.198992
 -1.168571 -1.943210 -2.129312 -0.850909
 -0.990650 -2.037967 -2.013274 -1.008349
 -1.681448 -1.743324 -1.388779 -0.942691
 -0.975458 -1.631217 -1.991831 -1.234969
 -1.275819 -2.010638 -2.223199 -0.736823
 -1.045124 -2.233591 -2.112963 -0.866716
 -1.730582 -1.809363 -1.403898 -0.883285
 -1.183066 -1.623622 -1.697730 -1.160338
 -1.482236 -1.930259 -1.974711 -0.715477
 -0.934043 -2.276533 -1.981734 -1.003569
 -1.760643 -1.798100 -1.458362 -0.844353
 -1.297347 -1.348267 -1.803455 -1.196251
 -1.117305 -1.996553 -2.067170 -0.890395
 -1.024882 -2.223963 -2.087388 -0.894111
 -1.747634 -1.606935 -1.302211 -1.040202
 -1.437386 -1.280934 -2.052974 -1.031921
 -1.101255 -1.894484 -2.248655 -0.887681
 -1.129865 -2.328559 -2.054123 -0.795663
 -1.851351 -1.583604 -1.324860 -0.989128
 -1.609438 -1.289131 -2.083531 -0.916291
 -1.659514 -1.673120 -1.974594 -0.727138
 -1.463484 -1.926107 -2.144360 -0.681784
 -2.435391 -1.794301 -1.248963 -0.777854
 -1.749199 -1.355711 -2.219202 -0.777340
 -1.958813 -1.648658 -2.277266 -0.572520
 -1.975128 -2.033397 -2.207750 -0.477361
 -2.523563 -1.878869 -1.259285 -0.727310
 -1.734600 -1.446919 -2.038282 -0.780924
 -1.711937 -1.711937 -2.141499 -0.651066
 -1.633471 -2.066334 -2.153345 -0.576245
 -2.653431 -1.914072 -1.125615 -0.781630
 -1.439045 -1.726726 -2.700172 -0.658193
 -1.823307 -1.647417 -1.990361 -0.674686
 -1.658775 -1.981548 -2.013809 -0.619352
 -2.381781 -1.710858 -1.192198 -0.859556
 -1.365816 -1.819733 -2.961825 -0.632929
 -1.589522 -1.844869 -2.268682 -0.626456
 -1.398242 -2.192484 -1.948288 -0.695526
 -2.279880 -1.783443 -1.331458 -0.764529
 -1.467298 -1.722190 -2.482027 -0.678841
 -1.952382 -1.693521 -2.153052 -0.583281
 -1.692461 -1.802809 -1.908169 -0.687668
 -2.586258 -1.779783 -1.382286 -0.683157
 -1.505959 -1.754854 -3.637573 -0.546545
 -1.841991 -1.957504 -2.958949 -0.433225
 -1.867745 -2.355447 -2.691918 -0.381368
 -2.799021 -1.986329 -2.205958 -0.368477
 -0.933533 -1.766441 -2.054122 -1.178655
 -1.174986 -2.050452 -1.777160 -0.932974
 -0.657216 -2.209491 -2.055342 -1.410987
 -2.058141 -1.262836 -1.415675 -1.059306
 -1.436009 -0.271646 -15.281079 -15.281079
 -1.898527 -0.167246 -5.468011 -15.371549
 -1.424761 -0.275183 -15.260075 -15.260075
 -1.886487 -0.185242 -4.045963 -15.741219
 -0.000001 -15.150513 -15.150513 -15.150513
 -0.000000 -16.602373 -16.602373 -16.602373
 -0.000021 -11.849426 -11.849426 -11.849426
 -1.386294 -1.386294 -1.386294 -1.386294
 -16.819708 -16.819708 -0.000000 -16.819708
 -1.386294 -1.386294 -1.386294 -1.386294
 -1.386294 -1.386294 -1.386294 -1.386294
 -1.386294 -1.386294 -1.386294 -1.386294
 -1.386294 -1.386294 -1.386294 -1.386294
 -1.386294 -1.386294 -1.386294 -1.386294
 -1.251524 -2.847192 -0.574979 -2.372924
 -1.386294 -1.386294 -1.386294 -1.386294
 -1.694403 -1.927025 -1.498030 -0.804883
 -1.871800 -1.626679 -1.543298 -0.830350
 -1.278646 -2.136548 -1.824902 -0.815788
 -2.751529 -1.407801 -1.475242 -0.770535
 -1.150838 -1.796194 -1.682865 -1.103047
 -1.277456 -1.945909 -1.581944 -0.986654
 -1.049822 -1.750516 -1.663505 -1.248823
 -1.955983 -1.406543 -1.282717 -1.089743
 -1.252275 0.000100 0.000100 0.000100
 -1.575347 0.000100 0.000100 0.000100
 -1.542363 0.000100 0.000100 0.000100
 -1.226439 0.000100 0.000100 0.000100
 -1.160747 -1.740966 -1.281838 -1.452989
 -1.104010 -1.738021 -1.639073 -1.209211
 -1.013100 -1.810508 -1.562267 -1.333030
 -1.872491 -1.399623 -1.223816 -1.185923
 -1.117851 -1.682658 -1.415961 -1.408758
 -1.088545 -1.655055 -1.685037 -1.249058
 -0.974282 -1.739688 -1.589963 -1.414577
 -1.876209 -1.366603 -1.344327 -1.105203
 -1.094059 -1.722042 -1.439206 -1.388982
 -1.052694 -1.737953 -1.726439 -1.213327
 -0.978760 -1.755696 -1.669020 -1.335584
 -1.832492 -1.376843 -1.340859 -1.120886
 -1.166496 -1.748178 -1.271280 -1.452519
 -1.071822 -1.778348 -1.605844 -1.244868
 -0.982140 -1.833698 -1.533387 -1.386830
 -1.875654 -1.393242 -1.197603 -1.215509
 -1.155423 -1.676823 -1.420148 -1.360897
 -1.091616 -1.695089 -1.648390 -1.243462
 -0.971117 -1.698218 -1.615063 -1.429399
 -1.832201 -1.414077 -1.332979 -1.099317
 -1.133923 -1.659687 -1.490642 -1.336343
 -1.081239 -1.715762 -1.755979 -1.176811
 -1.019258 -1.705095 -1.683833 -1.302979
 -1.923135 -1.378504 -1.344809 -1.074972
 -1.216283 -1.660087 -1.282082 -1.443546
 -1.096772 -1.740791 -1.609680 -1.235396
 -1.050018 -1.746700 -1.525288 -1.354169
 -1.879765 -1.380446 -1.212272 -1.209364
 -1.157233 -1.647634 -1.406793 -1.393468
 -1.110302 -1.671846 -1.717303 -1.193722
 -1.020727 -1.697364 -1.594648 -1.372306
 -1.856283 -1.412969 -1.315985 -1.102265
 -1.146486 -1.693640 -1.463221 -1.320844
 -1.093574 -1.710813 -1.765493 -1.161036
 -1.036293 -1.714158 -1.647125 -1.300064
 -1.864592 -1.355159 -1.353272 -1.112485
 -1.191936 -1.709155 -1.276224 -1.442825
 -1.081359 -1.748824 -1.639654 -1.228128
 -1.034687 -1.785315 -1.540520 -1.336938
 -1.827118 -1.405450 -1.209309 -1.219209
 -1.138511 -1.668348 -1.407536 -1.400798
 -1.067657 -1.644716 -1.706059 -1.267482
 -0.954983 -1.734121 -1.614430 -1.428693
 -1.815799 -1.376269 -1.322565 -1.144691
 -1.107901 -1.705392 -1.452000 -1.370635
 -1.097790 -1.675849 -1.764460 -1.177772
 -0.968326 -1.779743 -1.680667 -1.326704
 -1.846203 -1.352997 -1.341525 -1.132417
 -1.199833 -1.699241 -1.249914 -1.472272
 -1.092686 -1.736387 -1.617675 -1.237287
 -0.982792 -1.785445 -1.576155 -1.381330
 -1.839072 -1.374067 -1.213866 -1.234732
 -1.176144 -1.619896 -1.425141 -1.373811
 -1.096130 -1.668886 -1.656304 -1.249884
 -1.003461 -1.651972 -1.631369 -1.402186
 -1.852459 -1.323092 -1.346215 -1.150069
 -1.138401 -1.647272 -1.459432 -1.367566
 -1.077136 -1.709770 -1.780138 -1.171479
 -0.957490 -1.696286 -1.753712 -1.348416
 -1.845683 -1.300683 -1.375481 -1.148794
 -1.154619 -1.694086 -1.321731 -1.450804
 -1.069643 -1.707687 -1.686418 -1.236486
 -0.988877 -1.727869 -1.625298 -1.372430
 -1.838581 -1.313488 -1.270140 -1.233455
 -1.152936 -1.634233 -1.435474 -1.381558
 -1.081595 -1.682925 -1.720942 -1.216658
 -0.973073 -1.695137 -1.655683 -1.396165
 -1.847184 -1.350635 -1.383597 -1.100909
 -1.067508 -1.658447 -1.518362 -1.399864
 -1.071753 -1.674610 -1.798625 -1.188478
 -0.968439 -1.626359 -1.729984 -1.400827
 -1.880496 -1.264218 -1.418306 -1.130407
 -1.067850 -1.793517 -1.380513 -1.433681
 -1.053371 -1.757912 -1.684783 -1.226386
 -0.975165 -1.800099 -1.566956 -1.390672
 -1.848787 -1.366949 -1.270284 -1.181113
 -1.080220 -1.699218 -1.485152 -1.381566
 -1.118812 -1.679409 -1.662776 -1.213228
 -0.941205 -1.711018 -1.635314 -1.451283
 -1.826009 -1.404528 -1.341108 -1.102903
 -1.103841 -1.763528 -1.582387 -1.232776
 -1.066990 -1.812773 -1.779808 -1.126747
 -1.041053 -1.717448 -1.717200 -1.245401
 -1.874874 -1.361186 -1.455404 -1.030123
 -1.213525 -1.631451 -1.100044 -1.746690
 -1.082581 -1.702025 -1.416283 -1.442434
 -1.058210 -1.689982 -1.417972 -1.486354
 -1.908520 -1.236134 -1.085695 -1.498219
 -0.815017 -1.467182 -1.118426 -19.422010
 -0.745350 -1.396934 -1.279854 -19.226845
 -0.700768 -1.593847 -1.201797 -19.529045
 -1.355260 -0.981929 -1.000946 -19.188053
 0.000000 -19.885370 -19.885370 -19.885370
 0.000000 -19.377653 -19.377653 -19.377653
 0.000000 -19.588415 -19.588415 -19.588415
 -1.386294 -1.386294 -1.386294 -1.386294
 -20.737633 -20.737633 0.000000 -20.737633
 -1.386294 -1.386294 -1.386294 -1.386294
 -1.386294 -1.386294 -1.386294 -1.386294
 -1.386294 -1.386294 -1.386294 -1.386294
 -1.386294 -1.386294 -1.386294 -1.386294
 -1.386294 -1.386294 -1.386294 -1.386294
 -1.037880 -1.671630 -1.664574 -1.314593
 -1.386294 -1.386294 -1.386294 -1.386294
 -1.059293 -1.632039 -1.577073 -1.381547
 -1.046695 -1.838025 -1.946172 -1.058567
 -0.824828 -1.803125 -2.023192 -1.329257
 -1.604021 -1.348235 -1.369805 -1.255059
 -1.187973 -1.640696 -1.265875 -1.517205
 -1.174047 -1.640964 -1.671680 -1.173888
 -1.091397 -1.807280 -1.486737 -1.294467
 -1.892334 -1.335851 -1.245663 -1.208664
