 -1.318371 0.000100 0.000100 0.000100
 -1.674387 0.000100 0.000100 0.000100
 -1.877986 0.000100 0.000100 0.000100
 -0.936217 0.000100 0.000100 0.000100
 -1.103232 -1.595707 -1.914160 -1.145791
 -1.132061 -1.691675 -2.133506 -0.980830
 -0.812950 -1.875841 -2.623049 -1.106710
 -1.667706 -1.457986 -1.684514 -0.933738
 -1.244324 -1.493540 -1.852913 -1.107123
 -1.098613 -1.773740 -1.970449 -1.028409
 -1.244325 -1.512588 -1.726161 -1.159767
 -1.826605 -1.549619 -1.706461 -0.809220
 -1.207246 -1.467972 -1.604548 -1.310787
 -1.217876 -1.951843 -1.871801 -0.895793
 -1.026640 -2.064624 -2.332886 -0.872489
 -1.785201 -1.573893 -1.589893 -0.864998
 -1.252763 -1.475906 -1.791759 -1.142415
 -1.406362 -1.616082 -1.972755 -0.874146
 -1.171638 -2.122611 -1.554629 -1.024002
 -1.399366 -1.453434 -1.778855 -1.047969
 -1.175205 -1.595707 -1.914160 -1.075833
 -1.591633 -1.859896 -1.859896 -0.723546
 -0.995429 -1.749199 -2.442342 -0.995429
 -1.476772 -1.605983 -1.882236 -0.870637
 -1.241361 -1.513294 -1.746908 -1.150389
 -1.412963 -1.691675 -1.979356 -0.834227
 -0.998530 -2.251287 -1.963607 -0.952010
 -1.541465 -1.600305 -1.631077 -0.945773
 -1.066127 -1.745667 -1.643014 -1.245713
 -1.230290 -1.858897 -2.328898 -0.788459
 -1.150285 -2.044100 -1.938740 -0.891424
 -1.772341 -1.549198 -1.354137 -1.023105
 -1.161284 -1.515828 -1.998679 -1.103297
 -1.358896 -1.750936 -2.330752 -0.750307
 -0.932552 -1.952381 -2.047690 -1.092182
 -1.636650 -1.553959 -1.507439 -0.987564
 -1.130506 -1.475346 -1.743609 -1.296298
 -1.295046 -1.965201 -2.283653 -0.725514
 -0.927988 -2.087221 -2.294858 -0.967993
 -1.632889 -1.818606 -1.433761 -0.906406
 -1.009382 -1.609437 -1.889739 -1.257218
 -1.526056 -1.791758 -2.529352 -0.623190
 -1.009818 -2.108426 -1.945908 -0.990400
 -1.778855 -1.722766 -1.360652 -0.926079
 -1.363305 -1.733051 -1.733051 -0.939822
 -1.330725 -1.850598 -2.051268 -0.798509
 -0.980830 -2.404859 -2.025372 -0.909371
 -1.735669 -1.754019 -1.336284 -0.947213
 -1.192431 -1.589732 -1.639743 -1.208961
 -1.442990 -1.708692 -1.899746 -0.836855
 -1.124421 -2.223029 -1.920750 -0.866592
 -1.855071 -1.659763 -1.298261 -0.966616
 -1.219639 -1.549118 -1.796953 -1.119556
 -1.031020 -1.784789 -2.190253 -1.011602
 -1.110447 -1.803593 -2.044754 -0.976916
 -1.849110 -2.082724 -1.095339 -0.958138
 -1.245713 -1.549923 -1.830225 -1.079921
 -1.161626 -1.930756 -1.984823 -0.904907
 -1.177203 -2.749593 -1.780198 -0.778048
 -2.001479 -2.052772 -1.295910 -0.770379
 -1.488810 -1.488810 -1.905702 -0.916291
 -1.636344 -2.019335 -1.837014 -0.666947
 -1.175574 -2.254380 -1.952100 -0.810931
 -2.430683 -1.880638 -1.197154 -0.782027
 -1.651401 -1.582409 -1.987872 -0.764100
 -1.593933 -1.856296 -1.856296 -0.724897
 -2.262917 -2.380699 -1.821086 -0.443763
 -2.400644 -1.871801 -1.282033 -0.738099
 -1.763587 -1.518466 -2.169049 -0.702718
 -2.031430 -1.712977 -1.338285 -0.852779
 -1.797693 -1.797693 -1.834060 -0.675553
 -2.339397 -2.244087 -1.037846 -0.813343
 -1.580450 -1.734599 -2.679052 -0.599623
 -1.626679 -2.054121 -2.970401 -0.471717
 -1.600305 -1.983296 -1.983296 -0.648298
 -2.340735 -1.898903 -1.270296 -0.748107
 -1.642227 -1.488077 -1.987066 -0.812950
 -2.006532 -1.734600 -1.601069 -0.718682
 -1.531476 -1.952688 -1.906168 -0.706754
 -2.429335 -1.881371 -1.180443 -0.793231
 -1.395511 -1.646824 -2.293447 -0.779326
 -1.678963 -1.806796 -2.332886 -0.593776
 -1.543923 -1.823507 -1.673976 -0.826679
 -2.240708 -1.724896 -1.429779 -0.742204
 -0.656244 -0.901366 -2.587757 -14.100693
 -0.854417 -0.941428 -1.690663 -14.159103
 -0.603918 -1.226446 -1.832580 -14.220979
 -1.614619 -0.685426 -1.213493 -15.168766
 -0.693148 -1.130361 -1.731134 -14.873302
 -1.008016 -1.090029 -1.207812 -15.062544
 -0.847299 -1.252763 -1.252763 -14.375129
 -1.386294 -1.386294 -1.386294 -1.386294
 -15.056780 -15.056780 -15.056780 -0.000001
 -14.771024 -14.771024 -14.771024 -0.000001
 -14.533352 -14.533352 -14.533352 -0.000001
 -1.386294 -1.386294 -1.386294 -1.386294
 -1.386294 -1.386294 -1.386294 -1.386294
 -1.386294 -1.386294 -1.386294 -1.386294
 -1.386294 -1.386294 -1.386294 -1.386294
 -0.000000 -15.908609 -15.908609 -15.908609
 -15.908609 -15.908609 -0.000000 -15.908609
 -1.386294 -1.386294 -1.386294 -1.386294
 -1.386294 -1.386294 -1.386294 -1.386294
 -1.386294 -1.386294 -1.386294 -1.386294
 -1.386294 -1.386294 -1.386294 -1.386294
 -1.386294 -1.386294 -1.386294 -1.386294
 -1.184839 -3.171905 -0.650896 -2.034828
 -1.386294 -1.386294 -1.386294 -1.386294
 -1.799856 -1.729239 -1.581603 -0.794931
 -1.580448 -1.580448 -1.734596 -0.887308
 -1.285198 -1.953027 -1.872984 -0.848876
 -2.871667 -1.773066 -1.367602 -0.656108
 -1.558144 -1.774367 -1.504077 -0.922157
 -1.304465 -2.087221 -1.724317 -0.852480
 -1.014963 -1.868451 -1.825891 -1.132746
 -1.797299 -1.601184 -0.964391 -1.380785
 -1.231750 0.000100 0.000100 0.000100
 -1.643904 0.000100 0.000100 0.000100
 -1.445218 0.000100 0.000100 0.000100
 -1.275470 0.000100 0.000100 0.000100
 -1.165821 -1.595645 -1.417900 -1.413323
 -0.994343 -1.680710 -1.755512 -1.305736
 -0.999807 -1.732998 -1.571647 -1.395970
 -1.857111 -1.388037 -1.305493 -1.129257
 -1.135842 -1.690727 -1.621134 -1.214736
 -1.222991 -1.596957 -1.812379 -1.079179
 -1.039448 -1.679900 -1.710790 -1.275703
 -1.819556 -1.334048 -1.449007 -1.079721
 -1.167564 -1.691510 -1.317997 -1.439847
 -1.018570 -1.782543 -1.711717 -1.237449
 -1.070991 -1.773800 -1.556499 -1.284565
 -1.804777 -1.397218 -1.210721 -1.237108
 -1.163956 -1.718062 -1.306208 -1.437618
 -1.019832 -1.712978 -1.617668 -1.344555
 -1.007356 -1.834547 -1.575973 -1.315558
 -1.750985 -1.530585 -1.287854 -1.096237
 -1.108481 -1.699579 -1.509822 -1.323394
 -1.072637 -1.781288 -1.807675 -1.122582
 -1.043242 -1.767279 -1.645582 -1.258809
 -1.706805 -1.453695 -1.433794 -1.060024
 -1.218652 -1.683126 -1.340371 -1.359339
 -1.089334 -1.769965 -1.779965 -1.125235
 -1.025894 -1.821754 -1.687021 -1.221756
 -1.745337 -1.404070 -1.229021 -1.247438
 -1.246986 -1.575826 -1.292355 -1.464600
 -1.076526 -1.576088 -1.655131 -1.341807
 -1.117227 -1.562080 -1.568616 -1.367349
 -1.745394 -1.412627 -1.280256 -1.190876
 -1.182199 -1.615945 -1.563910 -1.253943
 -1.142692 -1.686696 -1.770427 -1.121930
 -1.107977 -1.594241 -1.607442 -1.323088
 -1.852615 -1.346506 -1.389991 -1.096769
 -1.202014 -1.555061 -1.315891 -1.514128
 -1.056148 -1.824245 -1.721246 -1.164674
 -1.068828 -1.810539 -1.605569 -1.230152
 -1.707970 -1.384687 -1.224741 -1.292692
 -1.137079 -1.689147 -1.412360 -1.382300
 -1.104233 -1.745603 -1.696376 -1.169093
 -1.027752 -1.702414 -1.635132 -1.327950
 -1.787584 -1.360917 -1.356266 -1.143852
 -1.189744 -1.667483 -1.519268 -1.244423
 -1.209081 -1.750005 -1.787745 -1.020490
 -1.046304 -1.679312 -1.723057 -1.259681
 -1.869244 -1.353266 -1.423991 -1.059545
 -1.230862 -1.730818 -1.296494 -1.357392
 -1.161413 -1.938821 -1.740150 -1.000790
 -1.098612 -1.780008 -1.624524 -1.200564
 -1.872311 -1.402722 -1.212837 -1.194177
 -1.178810 -1.656520 -1.298869 -1.475285
 -1.012239 -1.785820 -1.679952 -1.263888
 -0.995700 -1.716048 -1.604822 -1.386956
 -1.738705 -1.504077 -1.354746 -1.067064
 -1.081087 -1.705024 -1.646010 -1.251107
 -1.186234 -1.689760 -1.790083 -1.069673
 -1.135980 -1.699915 -1.558837 -1.252417
 -1.906064 -1.408609 -1.339774 -1.064362
 -1.166218 -1.691003 -1.341382 -1.416183
 -1.096993 -1.988117 -1.728944 -1.044972
 -0.990340 -1.854304 -1.588928 -1.317353
 -1.709412 -1.462552 -1.303947 -1.152249
 -1.249108 -1.584402 -1.324577 -1.417771
 -1.181304 -1.402295 -1.681648 -1.343147
 -1.043749 -1.661673 -1.539070 -1.412777
 -1.785137 -1.314721 -1.394076 -1.153233
 -1.130207 -1.675573 -1.578231 -1.260568
 -1.155771 -1.641279 -1.817735 -1.111516
 -1.036155 -1.690983 -1.661351 -1.305772
 -1.684945 -1.412078 -1.434721 -1.100432
 -1.146403 -1.749339 -1.315525 -1.427116
 -1.097815 -1.865438 -1.682257 -1.122029
 -1.123930 -1.680449 -1.593437 -1.253570
 -1.894990 -1.365196 -1.284993 -1.146657
 -1.298885 -1.621450 -1.256052 -1.407411
 -1.177218 -1.427390 -1.661726 -1.338953
 -1.093916 -1.717267 -1.517619 -1.323102
 -1.898984 -1.410038 -1.316185 -1.084742
 -1.057540 -1.611317 -1.767036 -1.265041
 -1.157590 -1.649412 -1.943652 -1.048639
 -1.092029 -1.705739 -1.635535 -1.244868
 -1.906801 -1.371377 -1.492297 -0.986626
 -0.769073 -1.549118 -1.126635 -16.670256
 -0.612627 -1.692786 -1.294378 -16.371187
 -0.659711 -1.606826 -1.264162 -16.255245
 -1.317135 -1.056929 -0.955612 -16.809742
 -0.963372 -1.401229 -0.988588 -17.085461
 -0.879398 -1.159237 -1.304745 -16.543364
 -0.822703 -1.261014 -1.282329 -16.815235
 -1.386294 -1.386294 -1.386294 -1.386294
 -17.042751 -17.042751 -17.042751 -0.000000
 -16.646957 -16.646957 -16.646957 -0.000000
 -16.786438 -16.786438 -16.786438 -0.000000
 -1.386294 -1.386294 -1.386294 -1.386294
 -1.386294 -1.386294 -1.386294 -1.386294
 -1.386294 -1.386294 -1.386294 -1.386294
 -1.386294 -1.386294 -1.386294 -1.386294
 0.000000 -17.937632 -17.937632 -17.937632
 -17.937632 -17.937632 0.000000 -17.937632
 -1.386294 -1.386294 -1.386294 -1.386294
 -1.386294 -1.386294 -1.386294 -1.386294
 -1.386294 -1.386294 -1.386294 -1.386294
 -1.386294 -1.386294 -1.386294 -1.386294
 -1.386294 -1.386294 -1.386294 -1.386294
 -1.056864 -1.707101 -1.816541 -1.176105
 -1.386294 -1.386294 -1.386294 -1.386294
 -1.123643 -1.572354 -1.364153 -1.552331
 -1.001598 -1.996310 -1.816184 -1.095935
 -0.858662 -1.886870 -1.976277 -1.251269
 -1.572301 -1.439720 -1.287789 -1.274543
 -1.211609 -1.582824 -1.312335 -1.479739
 -1.129071 -1.626245 -1.771957 -1.171183
 -1.115249 -1.819397 -1.465381 -1.276353
 -1.823214 -1.485132 -1.249732 -1.122577
