 -1.284512 0.000100 0.000100 0.000100
 -1.842113 0.000100 0.000100 0.000100
 -1.870686 0.000100 0.000100 0.000100
 -0.889858 0.000100 0.000100 0.000100
 -1.131403 -1.684786 -1.929907 -1.059082
 -1.266948 -1.960090 -2.065450 -0.796946
 -1.015232 -2.036877 -2.442336 -0.866813
 -2.170411 -1.343735 -2.036880 -0.704077
 -0.925771 -1.718999 -1.955386 -1.262242
 -1.065824 -1.934857 -2.014899 -0.973451
 -1.152681 -1.740463 -1.845822 -1.047321
 -1.662081 -1.584120 -1.717651 -0.854160
 -1.188469 -1.633154 -2.143976 -0.960211
 -1.228666 -1.698667 -2.104129 -0.910214
 -0.861485 -2.470909 -2.316761 -0.930477
 -1.652257 -1.750697 -1.785788 -0.761286
 -1.067114 -1.832580 -1.783790 -1.114743
 -1.544899 -2.120258 -2.238039 -0.579821
 -0.836251 -2.014897 -2.014897 -1.203974
 -1.429779 -1.452252 -1.652922 -1.093308
 -1.341174 -1.401798 -1.648658 -1.203973
 -1.027155 -1.504077 -2.315000 -1.136354
 -0.958257 -2.093229 -2.093229 -0.994624
 -1.436305 -1.665878 -1.921811 -0.851372
 -1.060873 -2.094943 -1.648658 -1.083346
 -1.455287 -1.860750 -2.553890 -0.628611
 -0.822361 -2.110207 -2.397885 -1.054162
 -1.532248 -1.561235 -1.720299 -0.928714
 -1.153963 -1.776491 -1.535329 -1.203973
 -1.637607 -1.711715 -2.667214 -0.587790
 -1.208961 -1.902103 -1.639741 -1.026641
 -1.690877 -1.661025 -1.473814 -0.924707
 -1.185624 -1.909540 -1.737691 -0.993253
 -1.073612 -1.596858 -1.884538 -1.191395
 -0.802348 -2.519988 -2.068008 -1.064712
 -1.725067 -1.548137 -1.662547 -0.868597
 -1.256617 -1.341174 -1.776491 -1.256617
 -1.152681 -2.384814 -1.932834 -0.804375
 -1.181995 -2.238039 -1.832578 -0.851754
 -1.899116 -1.859896 -1.591633 -0.711276
 -1.053763 -1.324052 -2.293447 -1.257361
 -1.373049 -1.832578 -2.371569 -0.706573
 -0.903714 -1.596858 -2.289999 -1.233954
 -1.506783 -1.888150 -1.328536 -1.015664
 -1.106335 -1.732039 -1.977160 -1.038894
 -1.351609 -1.803591 -2.245420 -0.753774
 -0.791130 -4.317393 -2.120258 -0.883503
 -1.479076 -2.577682 -1.536234 -0.731863
 -0.934984 -1.960834 -1.647177 -1.294357
 -1.139436 -2.302573 -1.966106 -0.820984
 -1.029621 -2.302577 -1.945906 -0.916293
 -2.218165 -1.766182 -1.330865 -0.785354
 -1.218572 -1.800491 -1.609437 -1.081371
 -1.450832 -2.212965 -2.772570 -0.521301
 -0.959777 -2.933841 -1.904235 -0.879735
 -1.868948 -1.763587 -1.175802 -1.005904
 -1.029620 -2.233588 -1.828125 -0.980830
 -1.402824 -2.031426 -2.164956 -0.676890
 -1.152680 -2.607957 -1.845824 -0.792679
 -1.860751 -1.934859 -1.342809 -0.823510
 -1.395183 -1.682864 -1.636344 -0.989719
 -2.024375 -1.773064 -2.178523 -0.536309
 -1.521469 -2.856455 -1.826848 -0.574090
 -2.500407 -1.662081 -1.321756 -0.773191
 -1.850597 -1.540444 -1.763586 -0.782762
 -1.791757 -1.791757 -2.197218 -0.587790
 -1.978342 -1.978342 -2.058384 -0.517946
 -3.159353 -2.178530 -1.137079 -0.647057
 -1.167607 -1.408767 -2.197213 -1.098614
 -1.856294 -2.772570 -2.212965 -0.397687
 -1.560647 -2.302579 -2.207270 -0.544729
 -2.643246 -2.144257 -0.976654 -0.832073
 -1.929905 -1.354546 -2.047687 -0.759842
 -2.024375 -2.024375 -1.572395 -0.638091
 -1.682864 -2.088327 -2.242476 -0.537735
 -2.621034 -1.897119 -0.999179 -0.893819
 -1.773064 -1.890845 -2.024375 -0.603000
 -1.763586 -1.763586 -1.763586 -0.722137
 -1.460402 -2.521267 -1.499623 -0.767257
 -2.528075 -2.528075 -1.057228 -0.707333
 -1.856294 -1.214445 -2.772570 -0.724899
 -1.882726 -1.749196 -2.442331 -0.532810
 -1.551808 -1.635189 -1.998093 -0.781702
 -2.828672 -1.959639 -1.203973 -0.693148
 -0.829282 -0.606140 -4.007240 -13.217681
 -1.175574 -0.705572 -1.621859 -13.604795
 -1.203974 -0.649664 -1.727219 -13.710155
 -1.819158 -0.631994 -1.183170 -14.613020
 -13.928843 -13.928843 -13.928843 -0.000003
 -14.669928 -14.669928 -14.669928 -0.000001
 -13.825465 -13.825465 -13.825465 -0.000003
 -1.386294 -1.386294 -1.386294 -1.386294
 -1.386294 -1.386294 -1.386294 -1.386294
 -1.386294 -1.386294 -1.386294 -1.386294
 -1.386294 -1.386294 -1.386294 -1.386294
 -15.315134 -15.315134 -15.315134 -0.000001
 -1.386294 -1.386294 -1.386294 -1.386294
 -1.386294 -1.386294 -1.386294 -1.386294
 -1.386294 -1.386294 -1.386294 -1.386294
 -0.000001 -15.315134 -15.315134 -15.315134
 -15.315134 -15.315134 -0.000001 -15.315134
 -1.386294 -1.386294 -1.386294 -1.386294
 -1.386294 -1.386294 -1.386294 -1.386294
 -1.386294 -1.386294 -1.386294 -1.386294
 -1.386294 -1.386294 -1.386294 -1.386294
 -1.386294 -1.386294 -1.386294 -1.386294
 -0.498992 -2.367122 -15.315134 -1.206954
 -1.386294 -1.386294 -1.386294 -1.386294
 -1.799139 -1.654558 -1.755654 -0.753773
 -2.128221 -1.945903 -1.540443 -0.646632
 -1.386294 -1.386294 -1.386294 -1.386294
 -2.189786 -1.565635 -1.496642 -0.786967
 -1.038895 -1.689478 -2.228469 -1.038895
 -1.276294 -1.815287 -1.681757 -0.988613
 -0.988613 -2.257116 -1.276294 -1.409825
 -1.855349 -1.662978 -1.147166 -1.089179
 -1.273503 0.000100 0.000100 0.000100
 -1.652993 0.000100 0.000100 0.000100
 -1.551897 0.000100 0.000100 0.000100
 -1.149394 0.000100 0.000100 0.000100
 -1.138595 -1.676593 -1.339265 -1.466710
 -1.087221 -1.770706 -1.661507 -1.194741
 -0.974930 -1.815712 -1.525760 -1.416327
 -1.908060 -1.446424 -1.255735 -1.104565
 -1.098612 -1.645764 -1.657392 -1.261722
 -1.155106 -1.674515 -1.917245 -1.048208
 -1.101163 -1.584279 -1.775334 -1.227605
 -1.885946 -1.415943 -1.533726 -0.941897
 -1.192800 -1.667257 -1.361876 -1.379575
 -1.080755 -2.012653 -1.705499 -1.063210
 -1.027917 -1.886388 -1.647637 -1.210239
 -1.873234 -1.390118 -1.334238 -1.096706
 -1.119592 -1.809212 -1.204357 -1.561032
 -1.037891 -1.681141 -1.629405 -1.333355
 -0.923771 -1.885445 -1.573506 -1.410987
 -1.639507 -1.497460 -1.209778 -1.258911
 -1.033501 -1.782627 -1.580305 -1.308843
 -1.100320 -1.654821 -1.738590 -1.202836
 -1.020438 -1.651575 -1.716958 -1.316008
 -1.872427 -1.442865 -1.448170 -0.980829
 -1.121698 -1.683705 -1.472929 -1.349630
 -1.113141 -1.914361 -1.772711 -1.037988
 -1.051383 -1.762549 -1.528556 -1.339066
 -1.920254 -1.457368 -1.289285 -1.063879
 -1.307994 -1.690707 -1.204727 -1.404560
 -1.034591 -1.861933 -1.601207 -1.246173
 -0.904054 -1.782229 -1.719216 -1.395916
 -1.874380 -1.448981 -1.181233 -1.187967
 -1.071183 -1.586347 -1.695337 -1.312345
 -1.116870 -1.534977 -1.765784 -1.251120
 -1.003971 -1.551123 -2.031585 -1.236354
 -1.735754 -1.368029 -1.578806 -1.013619
 -1.072878 -1.741927 -1.557623 -1.301371
 -1.108535 -1.793171 -1.854325 -1.058524
 -1.165677 -1.744257 -1.565378 -1.189070
 -1.781482 -1.291736 -1.345803 -1.215750
 -1.258906 -1.629686 -1.228016 -1.482050
 -1.041711 -1.964573 -1.663248 -1.147557
 -0.955218 -1.850733 -1.711378 -1.281815
 -1.666047 -1.566748 -1.360665 -1.061911
 -1.036974 -1.776786 -1.715038 -1.216261
 -1.123262 -1.832581 -1.865733 -1.021652
 -1.134980 -1.584616 -1.679281 -1.248144
 -1.787477 -1.430161 -1.554129 -0.962402
 -1.111814 -1.788486 -1.510656 -1.262096
 -1.132679 -1.876598 -1.876598 -0.989908
 -1.073673 -1.968038 -1.752150 -1.063869
 -1.867546 -1.476499 -1.344525 -1.031707
 -1.180094 -1.818583 -1.218267 -1.449223
 -0.934786 -1.786537 -1.632387 -1.409243
 -1.065155 -1.687879 -1.416327 -1.479240
 -1.720718 -1.497575 -1.241642 -1.176095
 -1.091008 -1.628150 -1.703114 -1.252763
 -1.024979 -1.795087 -1.957606 -1.096953
 -1.000395 -1.661793 -1.700014 -1.347895
 -2.095247 -1.421903 -1.505284 -0.882490
 -1.134505 -1.747865 -1.475639 -1.288656
 -1.006147 -1.972831 -1.716536 -1.153201
 -1.057113 -1.815774 -1.688774 -1.187166
 -1.826502 -1.498726 -1.215420 -1.142488
 -1.258859 -1.672136 -1.155446 -1.545245
 -1.029966 -1.793494 -1.604252 -1.288938
 -1.025853 -1.734152 -1.503404 -1.416392
 -1.792794 -1.480571 -1.167088 -1.221709
 -1.142247 -1.609438 -1.637930 -1.249958
 -1.111663 -1.549672 -1.654184 -1.318924
 -1.048011 -1.539292 -1.671289 -1.399063
 -1.987140 -1.276294 -1.529489 -1.001857
 -1.241202 -1.849895 -1.185322 -1.394076
 -1.115349 -1.968288 -1.546457 -1.140992
 -1.221559 -1.904011 -1.443359 -1.139038
 -1.987446 -1.427830 -1.129050 -1.204687
 -1.328862 -1.624326 -1.218862 -1.416297
 -1.346114 -1.685330 -1.388078 -1.188058
 -1.094082 -1.616271 -1.482740 -1.429199
 -1.959881 -1.440006 -1.270529 -1.074362
 -1.231419 -1.533700 -1.619642 -1.222761
 -1.215639 -1.566500 -1.581099 -1.241480
 -0.962416 -1.500525 -1.992034 -1.352472
 -1.824549 -1.407655 -1.677319 -0.898650
 -0.788234 -1.423949 -1.188785 -16.004927
 -0.756569 -1.226573 -1.437882 -15.784021
 -0.861309 -1.285466 -1.201079 -15.564711
 -1.631527 -0.893708 -0.928279 -16.125072
 -16.285303 -16.285303 -16.285303 -0.000000
 -16.114088 -16.114088 -16.114088 -0.000000
 -16.131012 -16.131012 -16.131012 -0.000000
 -1.386294 -1.386294 -1.386294 -1.386294
 -1.386294 -1.386294 -1.386294 -1.386294
 -1.386294 -1.386294 -1.386294 -1.386294
 -1.386294 -1.386294 -1.386294 -1.386294
 -17.278431 -17.278431 -17.278431 -0.000000
 -1.386294 -1.386294 -1.386294 -1.386294
 -1.386294 -1.386294 -1.386294 -1.386294
 -1.386294 -1.386294 -1.386294 -1.386294
 0.000000 -17.278429 -17.278429 -17.278429
 -17.278431 -17.278431 -0.000000 -17.278431
 -1.386294 -1.386294 -1.386294 -1.386294
 -1.386294 -1.386294 -1.386294 -1.386294
 -1.386294 -1.386294 -1.386294 -1.386294
 -1.386294 -1.386294 -1.386294 -1.386294
 -1.386294 -1.386294 -1.386294 -1.386294
 -0.979681 -1.326389 -17.278431 -1.024057
 -1.386294 -1.386294 -1.386294 -1.386294
 -1.077142 -1.599471 -1.457197 -1.493697
 -1.196523 -1.889670 -1.937679 -0.909818
 -1.386294 -1.386294 -1.386294 -1.386294
 -1.725913 -1.360453 -1.310692 -1.218033
 -1.149421 -1.755556 -1.117218 -1.697287
 -1.073332 -1.883161 -1.571028 -1.210015
 -1.000745 -1.911304 -1.406210 -1.429466
 -2.067917 -1.461781 -1.199417 -1.077757
