 -1.267496 0.000100 0.000100 0.000100
 -1.585950 0.000100 0.000100 0.000100
 -2.084940 0.000100 0.000100 0.000100
 -0.943157 0.000100 0.000100 0.000100
 -1.105128 -1.510592 -1.510592 -1.481604
 -1.054938 -1.828125 -2.772578 -0.847299
 -0.923673 -1.654557 -2.022278 -1.275069
 -1.750373 -1.410048 -1.895555 -0.839504
 -1.275753 -1.669656 -1.635754 -1.085710
 -1.429969 -1.766440 -1.817733 -0.850152
 -1.005523 -2.209488 -1.841767 -1.005523
 -1.866660 -1.396657 -1.483668 -0.991193
 -1.091008 -1.879463 -1.542992 -1.211636
 -1.079921 -1.718999 -2.265538 -0.974561
 -0.974561 -2.265538 -2.024378 -0.949868
 -1.762771 -1.680533 -1.292768 -1.000633
 -1.151605 -1.747587 -1.824548 -1.054442
 -1.043351 -2.280106 -1.912384 -0.921990
 -0.862708 -2.206437 -2.206437 -1.027787
 -1.609437 -1.977161 -1.302708 -0.942267
 -1.234745 -2.110211 -1.495027 -1.011602
 -1.021653 -2.120258 -2.931174 -0.762143
 -1.108369 -1.638996 -2.236829 -0.997144
 -1.329136 -1.654558 -1.762771 -0.987387
 -1.201930 -1.692552 -1.659762 -1.123459
 -1.145133 -1.704746 -2.079437 -0.980831
 -1.170072 -2.386459 -1.632694 -0.910562
 -1.815973 -1.678772 -1.492186 -0.853699
 -1.316336 -1.631416 -1.493266 -1.166054
 -1.006240 -1.967647 -2.740828 -0.843722
 -1.079921 -1.890848 -2.466207 -0.856778
 -1.683545 -1.435084 -1.585907 -0.990399
 -1.133460 -1.549619 -1.892562 -1.154966
 -1.137079 -1.955386 -2.265538 -0.834799
 -1.121342 -2.409187 -1.780584 -0.877720
 -1.543686 -1.690289 -1.499235 -0.971168
 -1.145133 -1.901457 -1.901457 -0.959416
 -1.813736 -1.749198 -2.219198 -0.589965
 -0.879735 -2.240704 -2.346063 -0.959777
 -1.749199 -1.504077 -1.440898 -1.001986
 -1.173274 -1.676376 -1.798978 -1.084327
 -1.119891 -2.068966 -2.155977 -0.840307
 -0.955513 -2.112959 -1.871799 -1.076874
 -1.470852 -1.876316 -1.531476 -0.914042
 -1.086190 -1.779336 -2.130732 -0.980830
 -1.240787 -2.221610 -2.627069 -0.634654
 -1.037989 -2.954894 -1.791757 -0.850778
 -1.903550 -2.005332 -1.277095 -0.826679
 -1.156183 -2.129628 -1.466337 -1.091644
 -1.056054 -2.624654 -2.288188 -0.737602
 -1.039773 -2.515670 -1.504077 -1.068760
 -1.852913 -1.826245 -1.336697 -0.868713
 -1.120119 -1.616555 -1.770705 -1.187560
 -1.275069 -1.916918 -1.916918 -0.852214
 -0.928462 -3.210827 -1.452986 -1.106710
 -1.900239 -2.187920 -0.947136 -1.048488
 -1.582409 -1.805551 -1.616310 -0.840473
 -1.432104 -2.258774 -1.902103 -0.678335
 -1.071584 -2.211015 -1.651401 -1.032364
 -2.100945 -1.978344 -1.062055 -0.932378
 -1.411828 -2.071070 -1.411828 -0.950483
 -1.346021 -1.987870 -2.681007 -0.626901
 -1.145133 -2.397890 -2.243740 -0.723920
 -2.271675 -1.880810 -1.025146 -0.952825
 -1.894172 -1.731654 -2.088327 -0.600255
 -1.554629 -1.623621 -2.183231 -0.736322
 -1.673975 -2.287076 -1.633154 -0.662377
 -2.324089 -1.630944 -1.300703 -0.834613
 -1.804496 -2.577677 -1.971549 -0.477631
 -1.313724 -2.047689 -2.586679 -0.640781
 -1.713796 -2.630080 -1.574035 -0.615188
 -2.357071 -2.174750 -1.076140 -0.796826
 -1.585626 -1.374318 -2.020941 -0.892482
 -2.079434 -1.540444 -1.828123 -0.693151
 -1.237612 -2.390285 -1.879463 -0.764325
 -2.628282 -2.158280 -0.905519 -0.896630
 -1.698667 -1.921809 -2.008820 -0.622532
 -2.397886 -1.165753 -2.552034 -0.654929
 -1.527373 -2.133506 -1.360319 -0.896747
 -2.468096 -1.908483 -1.044992 -0.878865
 -1.427116 -2.014898 -2.238039 -0.653929
 -1.598264 -1.923684 -1.716046 -0.750969
 -1.500486 -2.161882 -1.938740 -0.657809
 -2.319112 -1.759498 -1.419631 -0.718045
 -1.143565 -0.639661 -1.871799 -13.721204
 -1.027155 -0.810932 -1.621859 -13.604795
 -0.850541 -1.023812 -1.543686 -13.845074
 -1.654558 -0.730605 -1.117166 -14.816144
 -14.247295 -14.247295 -14.247295 -0.000002
 -14.739771 -14.739771 -14.739771 -0.000001
 -14.159103 -14.159103 -14.159103 -0.000002
 -1.386294 -1.386294 -1.386294 -1.386294
 -1.386294 -1.386294 -1.386294 -1.386294
 -1.386294 -1.386294 -1.386294 -1.386294
 -1.386294 -1.386294 -1.386294 -1.386294
 -15.514790 -15.514790 -15.514790 -0.000001
 -1.386294 -1.386294 -1.386294 -1.386294
 -1.386294 -1.386294 -1.386294 -1.386294
 -1.386294 -1.386294 -1.386294 -1.386294
 -0.000001 -15.514791 -15.514791 -15.514791
 -15.514790 -15.514790 -0.000001 -15.514790
 -1.386294 -1.386294 -1.386294 -1.386294
 -1.386294 -1.386294 -1.386294 -1.386294
 -1.386294 -1.386294 -1.386294 -1.386294
 -1.386294 -1.386294 -1.386294 -1.386294
 -1.386294 -1.386294 -1.386294 -1.386294
 -15.514790 -15.514790 -0.000001 -15.514790
 -1.386294 -1.386294 -1.386294 -1.386294
 -1.386294 -1.386294 -1.386294 -1.386294
 -1.386294 -1.386294 -1.386294 -1.386294
 -1.550858 -1.885608 -1.782660 -0.759272
 -1.386294 -1.386294 -1.386294 -1.386294
 -1.090029 -2.450999 -1.319603 -1.170072
 -0.984855 -2.221610 -1.528468 -1.199966
 -0.995429 -1.813736 -2.036878 -1.087803
 -1.856297 -1.556193 -0.910449 -1.467640
 -1.289747 0.000100 0.000100 0.000100
 -1.603405 0.000100 0.000100 0.000100
 -1.483119 0.000100 0.000100 0.000100
 -1.215639 0.000100 0.000100 0.000100
 -1.178655 -1.648658 -1.126470 -1.738270
 -1.129150 -1.456362 -1.558144 -1.456362
 -0.836249 -1.752537 -1.714797 -1.544899
 -1.844126 -1.449473 -1.200578 -1.183770
 -1.178655 -1.689480 -1.635413 -1.162126
 -1.189585 -1.708377 -1.708377 -1.098613
 -1.075755 -1.542373 -1.857453 -1.241269
 -2.335371 -1.354546 -1.379864 -0.932552
 -1.127433 -1.912386 -1.299283 -1.363822
 -1.120592 -1.931519 -1.791758 -1.015232
 -1.075624 -2.151759 -1.640936 -1.053151
 -1.773576 -1.341444 -1.107829 -1.433251
 -1.184135 -1.571900 -1.050604 -1.990609
 -0.986496 -1.826244 -1.512588 -1.403389
 -0.996830 -1.988468 -1.486378 -1.317302
 -1.702147 -1.568616 -1.179958 -1.197053
 -1.140069 -1.672285 -1.499014 -1.312912
 -0.855667 -1.568615 -1.897118 -1.529395
 -0.836660 -1.675760 -1.935270 -1.446919
 -1.760408 -1.688949 -1.472727 -0.881860
 -1.342234 -1.906169 -1.213023 -1.228290
 -1.075083 -2.351370 -1.840548 -0.904458
 -1.021652 -1.783790 -1.692818 -1.244795
 -1.739933 -1.598855 -1.142098 -1.193391
 -1.236142 -1.786187 -0.997732 -1.753398
 -0.906723 -1.871800 -1.599868 -1.425515
 -1.035555 -1.762602 -1.441019 -1.441019
 -2.046496 -1.335001 -1.122827 -1.264797
 -1.209513 -1.327296 -1.560910 -1.484925
 -1.229949 -1.609437 -1.823010 -1.060873
 -0.830349 -1.635413 -1.905702 -1.511799
 -2.047690 -1.459906 -1.517064 -0.869039
 -1.222761 -2.192159 -1.391383 -1.063697
 -1.085190 -1.500704 -2.052771 -1.168571
 -1.140460 -1.585145 -1.913647 -1.115142
 -1.630271 -1.439217 -1.376038 -1.156985
 -1.250064 -1.693995 -1.328536 -1.328536
 -1.172721 -1.745238 -1.504077 -1.225364
 -1.191703 -2.014900 -1.408767 -1.144075
 -1.478818 -1.541996 -1.136532 -1.438812
 -1.233715 -1.738270 -1.419817 -1.233715
 -1.073920 -1.609437 -2.014900 -1.123931
 -1.255560 -1.523824 -1.449716 -1.337238
 -2.148432 -1.727220 -1.504077 -0.727050
 -1.261840 -1.779782 -1.240787 -1.350788
 -1.442990 -1.753143 -1.586090 -0.952368
 -1.292266 -1.911303 -1.588531 -0.985536
 -1.782948 -1.591893 -1.130076 -1.186429
 -1.348073 -1.741115 -1.085710 -1.481604
 -0.870355 -2.054121 -1.671130 -1.328187
 -0.852997 -1.874646 -1.586965 -1.532897
 -1.998679 -1.376992 -1.207093 -1.161284
 -1.168346 -1.930484 -1.525020 -1.119556
 -1.256837 -1.554087 -1.721141 -1.123306
 -1.330414 -1.308908 -1.330414 -1.603707
 -2.006167 -1.380463 -1.558144 -0.907558
 -1.228666 -1.767661 -1.168041 -1.488948
 -1.057791 -1.750936 -1.791758 -1.163151
 -1.091787 -2.344545 -1.320045 -1.199417
 -2.197222 -1.461518 -1.158332 -1.070040
 -1.264598 -1.768502 -1.075356 -1.580450
 -0.960744 -2.547700 -1.412727 -1.218572
 -0.843581 -1.721649 -1.337238 -2.051889
 -1.950998 -1.433056 -0.979139 -1.412003
 -1.093549 -1.433056 -1.756842 -1.371181
 -1.098613 -1.817733 -1.671130 -1.151257
 -1.098613 -1.548529 -1.381475 -1.595049
 -2.169050 -1.609437 -1.278081 -0.898592
 -1.558144 -1.720663 -1.186581 -1.186581
 -1.120592 -2.362299 -1.430746 -1.077107
 -1.183771 -2.282378 -1.379515 -1.078410
 -2.660792 -1.313724 -1.098613 -1.114873
 -1.466337 -1.595548 -1.050822 -1.528857
 -1.134981 -1.828125 -1.540444 -1.192139
 -1.136151 -1.609437 -1.396876 -1.462834
 -1.941290 -1.314836 -1.155771 -1.297741
 -1.274742 -1.749199 -1.231257 -1.367832
 -1.112698 -1.595548 -1.704747 -1.249273
 -1.114613 -1.745239 -1.604160 -1.216396
 -1.945908 -1.211941 -1.722766 -0.965082
 -0.617437 -1.685275 -1.289963 -14.392126
 -0.610911 -1.763587 -1.252764 -14.151986
 -0.494414 -2.176168 -1.285199 -14.159103
 -1.458120 -1.088761 -0.842360 -14.518610
 -14.930654 -14.930654 -14.930654 -0.000001
 -14.159103 -14.159103 -14.159103 -0.000002
 -14.580980 -14.580980 -14.580980 -0.000001
 -1.386294 -1.386294 -1.386294 -1.386294
 -1.386294 -1.386294 -1.386294 -1.386294
 -1.386294 -1.386294 -1.386294 -1.386294
 -1.386294 -1.386294 -1.386294 -1.386294
 -15.704095 -15.704095 -15.704095 -0.000000
 -1.386294 -1.386294 -1.386294 -1.386294
 -1.386294 -1.386294 -1.386294 -1.386294
 -1.386294 -1.386294 -1.386294 -1.386294
 -0.000001 -15.704095 -15.704095 -15.704095
 -15.704095 -15.704095 -0.000000 -15.704095
 -1.386294 -1.386294 -1.386294 -1.386294
 -1.386294 -1.386294 -1.386294 -1.386294
 -1.386294 -1.386294 -1.386294 -1.386294
 -1.386294 -1.386294 -1.386294 -1.386294
 -1.386294 -1.386294 -1.386294 -1.386294
 -15.704095 -15.704095 -0.000000 -15.704095
 -1.386294 -1.386294 -1.386294 -1.386294
 -1.386294 -1.386294 -1.386294 -1.386294
 -1.386294 -1.386294 -1.386294 -1.386294
 -0.806779 -1.868781 -2.074913 -1.295257
 -1.386294 -1.386294 -1.386294 -1.386294
 -1.187166 -1.755149 -1.268135 -1.424295
 -0.818312 -1.791758 -1.734599 -1.533930
 -1.017645 -1.585626 -1.585626 -1.474401
 -1.460827 -1.534935 -1.155446 -1.437297
