 -1.369487 0.000100 0.000100 0.000100
 -1.896312 0.000100 0.000100 0.000100
 -1.929102 0.000100 0.000100 0.000100
 -0.797701 0.000100 0.000100 0.000100
 -0.940390 -1.709520 -2.014900 -1.219974
 -1.236763 -1.419084 -2.517683 -0.949083
 -0.836251 -2.302575 -2.995706 -0.875471
 -1.729238 -1.893541 -1.536867 -0.783096
 -0.878866 -1.937469 -1.774951 -1.304949
 -1.174986 -2.273589 -2.610055 -0.664163
 -0.794933 -2.335365 -2.181216 -1.082614
 -1.927890 -1.442384 -1.609437 -0.871840
 -1.042822 -2.164960 -1.668526 -1.066352
 -1.343735 -1.749197 -1.836208 -0.901904
 -0.916293 -2.094939 -2.564935 -0.916293
 -1.655048 -1.878190 -1.622258 -0.779581
 -0.977986 -1.626679 -2.123113 -1.178656
 -1.015923 -1.662545 -1.863214 -1.227231
 -0.751990 -2.639043 -2.051265 -1.113002
 -1.435084 -2.079439 -1.791758 -0.754517
 -0.938271 -1.836210 -1.931519 -1.189585
 -1.049824 -1.791756 -2.014897 -1.049824
 -0.693150 -4.094251 -2.302575 -0.958853
 -1.517064 -1.747587 -1.747587 -0.838734
 -0.945491 -2.226420 -1.990033 -1.002649
 -1.203974 -2.302575 -2.484893 -0.660361
 -0.778672 -1.913645 -2.031426 -1.338285
 -1.894942 -1.811561 -1.366876 -0.840784
 -1.378197 -1.444888 -1.816450 -1.050985
 -1.116963 -2.621021 -2.215564 -0.711500
 -1.043806 -2.316761 -1.864781 -0.930477
 -1.665878 -1.804028 -1.338666 -0.956733
 -1.016375 -1.763587 -2.256060 -1.016375
 -0.770708 -2.595241 -2.125244 -1.069200
 -0.718467 -2.302577 -2.590255 -1.086191
 -1.680206 -1.555043 -1.497885 -0.970531
 -1.166054 -1.749199 -2.362299 -0.866812
 -0.878553 -3.075748 -1.977158 -0.916293
 -0.892001 -3.012235 -2.164956 -0.852780
 -1.825891 -1.602748 -1.569959 -0.845064
 -0.950483 -1.834683 -1.834683 -1.223776
 -1.203974 -2.148427 -1.791756 -0.875471
 -0.916293 -1.791756 -2.708032 -1.003304
 -1.863217 -1.863217 -1.421386 -0.802347
 -1.189585 -2.260020 -1.911716 -0.813108
 -1.578184 -2.351365 -2.533683 -0.479577
 -0.883503 -2.120258 -1.919589 -1.139435
 -1.939678 -1.856296 -1.609437 -0.693148
 -0.911402 -1.852382 -1.680532 -1.366876
 -1.648656 -2.159475 -1.754016 -0.655411
 -0.842185 -2.382617 -2.788074 -0.878553
 -2.132362 -2.223333 -1.190321 -0.757000
 -1.128466 -2.427741 -1.680532 -0.911402
 -1.183772 -2.100052 -2.505509 -0.713771
 -0.773192 -2.564939 -1.945907 -1.143565
 -1.504077 -1.774367 -1.335001 -1.064127
 -1.268512 -1.807506 -1.961656 -0.881740
 -1.629238 -2.322376 -1.985909 -0.564534
 -0.810932 -2.784996 -2.448530 -0.897943
 -2.034703 -1.939394 -1.504077 -0.686634
 -2.679052 -1.406097 -1.406097 -0.818312
 -1.405342 -1.572395 -2.178523 -0.834801
 -1.481604 -1.992425 -1.791756 -0.755670
 -2.618433 -2.079439 -0.863047 -0.967037
 -13.102169 -13.102169 -13.102169 -0.000006
 -13.444452 -13.444452 -13.444452 -0.000004
 -14.022528 -14.022528 -14.022528 -0.000002
 -14.357838 -14.357838 -14.357838 -0.000002
 -1.386294 -1.386294 -1.386294 -1.386294
 -1.386294 -1.386294 -1.386294 -1.386294
 -1.386294 -1.386294 -1.386294 -1.386294
 -2.978921 -2.385860 -0.700438 -1.019502
 -12.254882 -12.254882 -12.254882 -0.000014
 -12.847938 -12.847938 -12.847938 -0.000008
 -14.533352 -14.533352 -14.533352 -0.000001
 -14.214290 -14.214290 -14.214290 -0.000002
 -1.386294 -1.386294 -1.386294 -1.386294
 -1.386294 -1.386294 -1.386294 -1.386294
 -1.386294 -1.386294 -1.386294 -1.386294
 -2.285777 -2.412528 -0.787006 -1.039841
 -2.351360 -1.098615 -3.044482 -0.646632
 -1.819153 -1.308334 -2.512283 -0.720551
 -1.739933 -2.017564 -1.904236 -0.611470
 -1.987872 -1.725509 -0.720928 -1.616310
 -13.353481 -13.353481 -13.353481 -0.000005
 -13.527834 -13.527834 -13.527834 -0.000004
 -13.854735 -13.854735 -13.854735 -0.000003
 -14.352006 -14.352006 -14.352006 -0.000002
 -1.386294 -1.386294 -1.386294 -1.386294
 -1.386294 -1.386294 -1.386294 -1.386294
 -1.386294 -1.386294 -1.386294 -1.386294
 -15.233788 -15.233788 -15.233788 -0.000001
 -1.386294 -1.386294 -1.386294 -1.386294
 -1.386294 -1.386294 -1.386294 -1.386294
 -1.386294 -1.386294 -1.386294 -1.386294
 -15.233788 -15.233788 -15.233788 -0.000001
 -1.386294 -1.386294 -1.386294 -1.386294
 -1.386294 -1.386294 -1.386294 -1.386294
 -1.386294 -1.386294 -1.386294 -1.386294
 -0.000001 -15.233788 -15.233788 -15.233788
 -15.233788 -15.233788 -0.000001 -15.233788
 -1.386294 -1.386294 -1.386294 -1.386294
 -1.386294 -1.386294 -1.386294 -1.386294
 -1.386294 -1.386294 -1.386294 -1.386294
 -1.386294 -1.386294 -1.386294 -1.386294
 -1.386294 -1.386294 -1.386294 -1.386294
 -1.081805 -2.468098 -0.899484 -1.774952
 -1.386294 -1.386294 -1.386294 -1.386294
 -1.574346 -2.051268 -1.330725 -0.916292
 -1.945902 -2.169040 -1.358124 -0.722140
 -1.252763 -2.079439 -1.513046 -0.996830
 -1.945906 -1.415282 -1.945906 -0.751990
 -1.263692 -2.036878 -1.749198 -0.884204
 -1.386294 -2.148427 -1.696447 -0.798511
 -0.921683 -2.047689 -1.588160 -1.313724
 -1.568615 -1.791758 -1.172721 -1.153673
 -1.399366 0.000100 0.000100 0.000100
 -1.635754 0.000100 0.000100 0.000100
 -1.540445 0.000100 0.000100 0.000100
 -1.066661 0.000100 0.000100 0.000100
 -0.929540 -2.538951 -1.691672 -1.072640
 -1.203975 -1.455286 -1.609435 -1.321757
 -0.931563 -2.110200 -1.299284 -1.550595
 -2.024375 -1.405342 -1.405342 -0.974562
 -1.011604 -1.586963 -1.838274 -1.299284
 -1.686394 -1.504076 -1.686394 -0.897947
 -0.916295 -1.609435 -1.609435 -1.609435
 -1.925285 -1.232145 -1.386294 -1.163152
 -1.098615 -1.945903 -1.435084 -1.252764
 -0.875473 -2.484884 -1.637606 -1.185626
 -1.131405 -2.335355 -1.354546 -1.131405
 -2.708026 -1.241714 -1.098614 -1.167607
 -1.339775 -1.252764 -1.339775 -1.658225
 -1.139438 -1.832572 -1.272967 -1.427116
 -1.491654 -1.609435 -1.491654 -1.049825
 -1.652920 -1.285199 -1.452252 -1.211092
 -1.126014 -2.001471 -1.819153 -0.971864
 -1.413693 -1.213024 -2.001471 -1.126014
 -0.929540 -1.691672 -1.558143 -1.558143
 -1.658225 -1.791755 -1.435084 -0.904460
 -1.386294 -1.704745 -1.219242 -1.299284
 -1.098616 -2.014891 -2.014891 -0.916296
 -1.287856 -1.757852 -1.757852 -0.969405
 -2.322376 -1.223776 -1.041456 -1.366876
 -0.818315 -1.734596 -1.223777 -2.427727
 -1.163153 -2.367103 -1.673972 -0.900791
 -1.203974 -1.742965 -1.386294 -1.290985
 -1.568614 -1.306252 -1.306252 -1.386294
 -1.142099 -1.652920 -1.904232 -1.077561
 -0.659253 -1.980990 -2.674112 -1.287856
 -1.466336 -1.265667 -2.054114 -1.024507
 -2.054114 -1.717648 -1.717648 -0.667835
 -1.011604 -2.685553 -1.219242 -1.299284
 -1.488076 -1.824542 -1.642224 -0.869043
 -1.658222 -1.658222 -1.098617 -1.252765
 -1.980996 -1.662546 -1.352393 -0.882392
 -1.252764 -1.358124 -1.475905 -1.475905
 -0.832916 -3.135412 -2.036866 -0.938276
 -0.880363 -2.614936 -1.921806 -1.005525
 -1.442383 -1.609436 -1.234746 -1.299284
 -1.021654 -1.966106 -1.832577 -1.078812
 -0.780166 -2.484873 -2.079425 -1.098616
 -1.011605 -1.417066 -1.417066 -1.887062
 -1.904232 -2.058380 -1.770702 -0.592056
 -1.473305 -1.568614 -1.386294 -1.163152
 -1.526054 -2.442314 -1.056058 -1.056058
 -2.197206 -2.197206 -0.993257 -0.897947
 -1.945905 -1.386294 -1.386294 -1.029622
 -0.897947 -2.602654 -1.686394 -1.098616
 -1.064715 -1.757852 -1.575533 -1.287856
 -0.839754 -3.784099 -1.838274 -0.950979
 -1.791756 -1.591087 -1.909537 -0.730891
 -1.119233 -1.183772 -1.589233 -1.812374
 -0.998536 -1.558141 -1.558141 -1.558141
 -1.178658 -1.648654 -2.159466 -0.955517
 -2.014897 -1.609436 -1.455287 -0.836251
 -1.584118 -2.054114 -0.890977 -1.360977
 -1.637606 -1.637606 -1.974072 -0.750311
 -1.131405 -2.047681 -1.824542 -0.949085
 -1.925285 -1.306252 -1.386294 -1.098614
 -12.676088 -12.676088 -12.676088 -0.000009
 -12.577650 -12.577650 -12.577650 -0.000010
 -12.847938 -12.847938 -12.847938 -0.000008
 -13.217681 -13.217681 -13.217681 -0.000005
 -1.386294 -1.386294 -1.386294 -1.386294
 -1.386294 -1.386294 -1.386294 -1.386294
 -1.386294 -1.386294 -1.386294 -1.386294
 -2.146578 -1.348073 -0.993902 -1.373391
 -12.100735 -12.100735 -12.100735 -0.000017
 -12.899230 -12.899230 -12.899230 -0.000008
 -13.253399 -13.253399 -13.253399 -0.000005
 -12.873913 -12.873913 -12.873913 -0.000008
 -1.386294 -1.386294 -1.386294 -1.386294
 -1.386294 -1.386294 -1.386294 -1.386294
 -1.386294 -1.386294 -1.386294 -1.386294
 -1.602965 -1.669656 -1.165752 -1.208312
 -1.824542 -1.354546 -1.131405 -1.354546
 -1.421385 -1.575533 -1.421385 -1.170074
 -1.568614 -1.232145 -2.261751 -0.926765
 -1.749196 -1.263693 -1.120593 -1.526055
 -12.611551 -12.611551 -12.611551 -0.000010
 -12.923923 -12.923923 -12.923923 -0.000007
 -12.821269 -12.821269 -12.821269 -0.000008
 -13.038991 -13.038991 -13.038991 -0.000007
 -1.386294 -1.386294 -1.386294 -1.386294
 -1.386294 -1.386294 -1.386294 -1.386294
 -1.386294 -1.386294 -1.386294 -1.386294
 -14.247295 -14.247295 -14.247295 -0.000002
 -1.386294 -1.386294 -1.386294 -1.386294
 -1.386294 -1.386294 -1.386294 -1.386294
 -1.386294 -1.386294 -1.386294 -1.386294
 -14.247295 -14.247295 -14.247295 -0.000002
 -1.386294 -1.386294 -1.386294 -1.386294
 -1.386294 -1.386294 -1.386294 -1.386294
 -1.386294 -1.386294 -1.386294 -1.386294
 -0.000002 -14.247295 -14.247295 -14.247295
 -14.247295 -14.247295 -0.000002 -14.247295
 -1.386294 -1.386294 -1.386294 -1.386294
 -1.386294 -1.386294 -1.386294 -1.386294
 -1.386294 -1.386294 -1.386294 -1.386294
 -1.386294 -1.386294 -1.386294 -1.386294
 -1.386294 -1.386294 -1.386294 -1.386294
 -1.348073 -1.510592 -2.092511 -0.926080
 -1.386294 -1.386294 -1.386294 -1.386294
 -1.290985 -2.079432 -1.491654 -0.980833
 -0.961415 -1.916914 -2.140053 -1.041457
 -0.865006 -2.251263 -1.558141 -1.335002
 -1.808285 -1.808285 -1.220503 -0.975382
 -1.172722 -1.658225 -0.904460 -2.351360
 -0.893825 -3.090961 -1.481603 -1.145136
 -1.475905 -2.169040 -1.609435 -0.782765
 -2.397882 -2.061416 -1.062896 -0.829282
