 -1.174120 0.000100 0.000100 0.000100
 -1.508633 0.000100 0.000100 0.000100
 -2.122791 0.000100 0.000100 0.000100
 -1.049822 0.000100 0.000100 0.000100
 -1.098613 -1.347828 -1.791758 -1.426300
 -0.824725 -1.848111 -1.848111 -1.400088
 -0.705889 -1.536234 -2.066858 -1.804496
 -1.858898 -0.847299 -1.681217 -1.472126
 -1.128027 -1.028654 -1.381475 -2.693656
 -0.632524 -1.250163 -1.999397 -3.060262
 -0.640039 -1.522426 -1.442384 -4.007287
 -1.520772 -0.673476 -1.490919 -3.071358
 -0.000001 -14.771024 -14.771024 -14.771024
 -0.000001 -14.648421 -14.648421 -14.648421
 -0.000002 -14.137597 -14.137597 -14.137597
 -0.000009 -12.676088 -12.676088 -12.676088
 -0.818917 -3.196400 -0.736498 -3.234140
 -1.386294 -1.386294 -1.386294 -1.386294
 -1.386294 -1.386294 -1.386294 -1.386294
 -1.386294 -1.386294 -1.386294 -1.386294
 -14.883665 -14.883665 -0.000001 -14.883665
 -12.506192 -12.506192 -0.000011 -12.506192
 -14.966084 -14.966084 -0.000001 -14.966084
 -12.468452 -12.468452 -0.000012 -12.468452
 -1.386294 -1.386294 -1.386294 -1.386294
 -1.386294 -1.386294 -1.386294 -1.386294
 -15.702580 -15.702580 -15.702580 -0.000000
 -1.386294 -1.386294 -1.386294 -1.386294
 -1.386294 -1.386294 -1.386294 -1.386294
 -1.386294 -1.386294 -1.386294 -1.386294
 -1.386294 -1.386294 -1.386294 -1.386294
 -0.000001 -15.702581 -15.702581 -15.702581
 -15.702580 -15.702580 -1.076140 -0.416894
 -1.386294 -1.386294 -1.386294 -1.386294
 -1.386294 -1.386294 -1.386294 -1.386294
 -1.386294 -1.386294 -1.386294 -1.386294
 -1.386294 -1.386294 -1.386294 -1.386294
 -1.386294 -1.386294 -1.386294 -1.386294
 -0.851753 -2.083894 -1.241713 -1.832580
 -1.771281 -2.049994 -0.893563 -1.231159
 -1.146815 -1.472237 -1.472237 -1.498212
 -1.386294 -1.211942 -2.639045 -0.965083
 -1.175574 -1.621860 -2.059073 -1.004426
 -1.874873 -1.161925 -1.597242 -1.104767
 -1.053913 -1.475906 -2.220344 -1.157453
 -1.086418 -1.309561 -2.896517 -1.086418
 -1.164988 -1.472472 -2.126395 -1.080431
 -1.647720 -1.318241 -1.960093 -0.918642
 -1.157929 -1.209223 -2.307831 -1.244941
 -1.327798 -1.374318 -2.221613 -0.984854
 -0.966845 -1.777771 -2.653228 -0.966845
 -1.891388 -1.198242 -1.757857 -0.980830
 -1.220168 -1.556639 -2.116253 -0.984854
 -1.306677 -1.414307 -3.001263 -0.829050
 -0.940985 -1.767660 -2.797266 -0.972734
 -1.658227 -1.435084 -2.008429 -0.827298
 -1.064711 -1.521469 -2.325838 -1.081519
 -1.105393 -1.701374 -2.432258 -0.919676
 -1.129866 -1.609436 -3.481196 -0.807094
 -1.895899 -1.332806 -1.971884 -0.805451
 -0.893169 -1.774367 -2.197222 -1.171372
 -1.059392 -1.832580 -2.525723 -0.883502
 -1.113002 -2.169047 -1.850597 -0.916293
 -1.643467 -1.405057 -1.983792 -0.858514
 -1.317412 0.000100 0.000100 0.000100
 -1.762346 0.000100 0.000100 0.000100
 -1.440822 0.000100 0.000100 0.000100
 -1.127636 0.000100 0.000100 0.000100
 -1.277843 -1.514972 -1.329136 -1.440361
 -1.181679 -1.643839 -1.571519 -1.230076
 -1.316951 -1.535205 -1.527107 -1.205726
 -2.055404 -1.397885 -1.253403 -1.080845
 -1.174645 -1.583004 -1.060079 -1.971227
 -1.062112 -1.692738 -1.194108 -1.788049
 -1.061240 -1.778601 -1.256080 -1.607783
 -1.728983 -1.471515 -1.101433 -1.344909
 -0.000001 -15.752813 -15.752813 -15.752813
 -0.000001 -15.382042 -15.382042 -15.382042
 -0.000000 -15.850217 -15.850217 -15.850217
 -0.000001 -15.371549 -15.371549 -15.371549
 -1.063178 -1.796747 -1.676744 -1.197911
 -1.386294 -1.386294 -1.386294 -1.386294
 -1.386294 -1.386294 -1.386294 -1.386294
 -1.386294 -1.386294 -1.386294 -1.386294
 -15.935374 -15.935374 -0.000000 -15.935374
 -15.201806 -15.201806 -0.000001 -15.201806
 -15.321809 -15.321809 -0.000001 -15.321809
 -15.800642 -15.800642 -0.000000 -15.800642
 -1.386294 -1.386294 -1.386294 -1.386294
 -1.386294 -1.386294 -1.386294 -1.386294
 -16.998552 -16.998552 -16.998552 -0.000000
 -1.386294 -1.386294 -1.386294 -1.386294
 -1.386294 -1.386294 -1.386294 -1.386294
 -1.386294 -1.386294 -1.386294 -1.386294
 -1.386294 -1.386294 -1.386294 -1.386294
 0.000000 -16.998552 -16.998552 -16.998552
 -16.998552 -16.998552 -0.984706 -0.467685
 -1.386294 -1.386294 -1.386294 -1.386294
 -1.386294 -1.386294 -1.386294 -1.386294
 -1.386294 -1.386294 -1.386294 -1.386294
 -1.386294 -1.386294 -1.386294 -1.386294
 -1.386294 -1.386294 -1.386294 -1.386294
 -1.089772 -1.599499 -1.792870 -1.220009
 -1.878109 -1.497481 -1.456896 -0.940404
 -0.997192 -1.803059 -1.535464 -1.382556
 -1.203973 -1.754019 -1.689480 -1.072045
 -1.131004 -1.764252 -1.382318 -1.366570
 -1.728390 -1.598979 -1.292685 -1.061911
 -1.136814 -1.575536 -1.452934 -1.433886
 -1.062654 -1.845826 -1.803267 -1.103200
 -1.006805 -1.734018 -1.612940 -1.351927
 -1.909882 -1.442175 -1.307925 -1.063896
 -1.071174 -1.698181 -1.408501 -1.470249
 -1.147506 -1.783494 -1.603233 -1.160664
 -1.015305 -1.760819 -1.522734 -1.395579
 -1.797441 -1.569183 -1.271348 -1.062447
 -1.162009 -1.427116 -1.623827 -1.386294
 -1.165845 -1.634411 -1.782830 -1.123585
 -0.911990 -1.728299 -1.690199 -1.443047
 -1.768703 -1.349094 -1.371822 -1.150980
 -1.090173 -1.817512 -1.499849 -1.279240
 -0.970928 -1.993674 -1.730257 -1.178189
 -0.914269 -1.736627 -1.607415 -1.502055
 -1.709209 -1.389266 -1.303744 -1.209925
 -1.066289 -1.584777 -1.623998 -1.371943
 -0.981582 -1.789504 -1.903914 -1.173589
 -0.983950 -1.667146 -1.804929 -1.298660
 -1.802215 -1.393752 -1.494465 -1.014577
