 -1.171098 0.000100 0.000100 0.000100
 -1.373188 0.000100 0.000100 0.000100
 -1.851560 0.000100 0.000100 0.000100
 -1.274097 0.000100 0.000100 0.000100
 -0.937798 -1.452252 -2.201487 -1.332451
 -1.130362 -1.760987 -1.731134 -1.114361
 -1.252763 -0.994935 -2.476532 -1.345136
 -1.424761 -1.039099 -1.860078 -1.386294
 -1.242357 -0.976654 -1.416021 -2.385418
 -0.697991 -1.325386 -1.836210 -2.560126
 -0.415224 -1.690289 -1.995668 -3.941535
 -1.410509 -0.650987 -1.731416 -2.857421
 -0.000001 -14.883665 -14.883665 -14.883665
 -0.000001 -14.819814 -14.819814 -14.819814
 -0.000002 -14.166170 -14.166170 -14.166170
 -0.000006 -13.161592 -13.161592 -13.161592
 -0.541639 -3.686240 -1.085506 -2.893012
 -1.386294 -1.386294 -1.386294 -1.386294
 -1.386294 -1.386294 -1.386294 -1.386294
 -1.386294 -1.386294 -1.386294 -1.386294
 -15.299386 -15.299386 -0.000001 -15.299386
 -12.154800 -12.154800 -0.000016 -12.154800
 -14.755519 -14.755519 -0.000001 -14.755519
 -12.948019 -12.948019 -0.000007 -12.948019
 -1.386294 -1.386294 -1.386294 -1.386294
 -1.386294 -1.386294 -1.386294 -1.386294
 -15.841024 -15.841024 -15.841024 -0.000000
 -1.386294 -1.386294 -1.386294 -1.386294
 -1.386294 -1.386294 -1.386294 -1.386294
 -1.386294 -1.386294 -1.386294 -1.386294
 -1.386294 -1.386294 -1.386294 -1.386294
 -0.000000 -15.841024 -15.841024 -15.841024
 -15.841024 -0.000000 -15.841024 -15.841024
 -1.386294 -1.386294 -1.386294 -1.386294
 -1.386294 -1.386294 -1.386294 -1.386294
 -1.386294 -1.386294 -1.386294 -1.386294
 -1.386294 -1.386294 -1.386294 -1.386294
 -1.175362 -1.903295 -1.322416 -1.288349
 -1.386294 -1.386294 -1.386294 -1.386294
 -1.386294 -1.386294 -1.386294 -1.386294
 -1.280934 -1.221215 -1.989584 -1.235814
 -1.782947 -1.172040 -2.935615 -0.757098
 -2.263742 -1.074162 -2.475050 -0.754392
 -2.164278 -1.372042 -1.410509 -0.947886
 -1.122144 -1.304465 -2.294858 -1.196251
 -0.966188 -1.309661 -2.712480 -1.261652
 -1.667706 -1.444563 -2.717518 -0.674457
 -1.504077 -1.161133 -1.686399 -1.274892
 -0.959257 -1.515828 -2.230479 -1.238842
 -1.035243 -1.755057 -2.532759 -0.935160
 -0.973451 -1.934857 -2.708038 -0.888893
 -1.437587 -1.203973 -2.302583 -1.014731
 -1.135427 -1.374318 -2.573010 -1.051545
 -1.441019 -1.441019 -3.183977 -0.723181
 -1.203974 -1.304057 -4.248401 -0.881202
 -1.909541 -1.144075 -2.197223 -0.862224
 -0.854693 -1.414307 -2.559435 -1.369856
 -1.147884 -1.348554 -2.698476 -1.033473
 -0.907560 -1.740463 -2.944412 -0.998531
 -2.054122 -1.243194 -2.607506 -0.674100
 -1.051211 -1.302525 -2.332141 -1.267433
 -1.161133 -1.417066 -2.455050 -1.025588
 -0.770112 -1.909537 -2.197215 -1.280935
 -2.177420 -1.215146 -2.659257 -0.653927
 -1.229716 0.000100 0.000100 0.000100
 -1.888962 0.000100 0.000100 0.000100
 -1.411176 0.000100 0.000100 0.000100
 -1.163025 0.000100 0.000100 0.000100
 -1.264687 -1.412497 -1.412497 -1.467056
 -1.163151 -1.568616 -1.767066 -1.176574
 -1.106395 -1.563975 -1.738917 -1.257944
 -2.079441 -1.444402 -1.461644 -0.898309
 -1.236482 -1.346685 -1.193923 -1.920970
 -0.884932 -1.937633 -1.303910 -1.761743
 -1.016062 -1.831098 -1.255735 -1.645695
 -1.421386 -1.295234 -1.556118 -1.295234
 -0.000001 -15.434899 -15.434899 -15.434899
 -0.000001 -15.050983 -15.050983 -15.050983
 -0.000001 -15.245823 -15.245823 -15.245823
 -0.000001 -14.978662 -14.978662 -14.978662
 -0.827129 -1.727694 -1.927183 -1.429430
 -1.386294 -1.386294 -1.386294 -1.386294
 -1.386294 -1.386294 -1.386294 -1.386294
 -1.386294 -1.386294 -1.386294 -1.386294
 -15.752813 -15.752813 -0.000000 -15.752813
 -14.852249 -14.852249 -0.000001 -14.852249
 -14.652760 -14.652760 -0.000001 -14.652760
 -15.150513 -15.150513 -0.000001 -15.150513
 -1.386294 -1.386294 -1.386294 -1.386294
 -1.386294 -1.386294 -1.386294 -1.386294
 -16.579941 -16.579941 -16.579941 -0.000000
 -1.386294 -1.386294 -1.386294 -1.386294
 -1.386294 -1.386294 -1.386294 -1.386294
 -1.386294 -1.386294 -1.386294 -1.386294
 -1.386294 -1.386294 -1.386294 -1.386294
 -0.000000 -16.579941 -16.579941 -16.579941
 -16.579941 -0.000000 -16.579941 -16.579941
 -1.386294 -1.386294 -1.386294 -1.386294
 -1.386294 -1.386294 -1.386294 -1.386294
 -1.386294 -1.386294 -1.386294 -1.386294
 -1.386294 -1.386294 -1.386294 -1.386294
 -1.216868 -1.901540 -1.998963 -0.869814
 -1.386294 -1.386294 -1.386294 -1.386294
 -1.386294 -1.386294 -1.386294 -1.386294
 -1.011069 -1.675395 -1.641873 -1.365241
 -1.073611 -1.661397 -2.034071 -1.086034
 -1.039905 -1.520490 -2.003340 -1.227504
 -1.609438 -1.237097 -1.412191 -1.323637
 -1.027453 -1.489007 -1.498669 -1.644761
 -1.185380 -1.687472 -1.644912 -1.150894
 -1.376755 -1.619069 -1.303552 -1.280295
 -1.680055 -1.501807 -1.359387 -1.096342
 -0.829280 -1.897119 -1.692325 -1.471654
 -1.054553 -1.782790 -1.451434 -1.389302
 -0.809591 -2.338058 -1.478927 -1.467231
 -1.646393 -1.397697 -1.545750 -1.058607
 -1.003140 -1.653320 -1.731029 -1.328937
 -1.076390 -1.598264 -1.826048 -1.217801
 -0.994732 -1.588939 -1.679911 -1.428597
 -1.743307 -1.412643 -1.472661 -1.043426
 -0.926443 -1.704748 -1.785717 -1.368276
 -1.045969 -1.916321 -1.618487 -1.193022
 -0.939743 -1.520772 -2.126907 -1.303708
 -1.780877 -1.371093 -1.406184 -1.100803
 -1.106518 -1.595752 -1.418297 -1.494283
 -1.136712 -1.820197 -1.537334 -1.196730
 -1.139856 -1.650681 -1.668380 -1.205096
 -2.022523 -1.406010 -1.451267 -0.946013
