 -1.210473 0.000100 0.000100 0.000100
 -1.401528 0.000100 0.000100 0.000100
 -2.060189 0.000100 0.000100 0.000100
 -1.113847 0.000100 0.000100 0.000100
 -1.015232 -1.708377 -1.791758 -1.238375
 -0.747216 -1.791758 -3.126744 -1.152680
 -0.745336 -1.512587 -2.978899 -1.369487
 -1.558144 -1.053589 -1.765783 -1.310309
 -1.410987 -0.633960 -1.634130 -3.490411
 -0.675131 -1.299283 -1.609437 -4.007287
 -0.516695 -1.335001 -1.963604 -13.253399
 -1.586964 -0.634308 -1.417066 -3.784159
 -0.000002 -14.266589 -14.266589 -14.266589
 -0.000002 -14.518610 -14.518610 -14.518610
 -0.000003 -13.753639 -13.753639 -13.753639
 -0.000030 -11.512965 -11.512965 -11.512965
 -0.000001 -15.348068 -15.348068 -15.348068
 -1.386294 -1.386294 -1.386294 -1.386294
 -1.386294 -1.386294 -1.386294 -1.386294
 -1.386294 -1.386294 -1.386294 -1.386294
 -15.348068 -15.348068 -0.000001 -15.348068
 -1.386294 -1.386294 -1.386294 -1.386294
 -1.386294 -1.386294 -1.386294 -1.386294
 -1.386294 -1.386294 -1.386294 -1.386294
 -1.386294 -1.386294 -1.386294 -1.386294
 -1.386294 -1.386294 -1.386294 -1.386294
 -15.348068 -15.348068 -15.348068 -0.000001
 -1.386294 -1.386294 -1.386294 -1.386294
 -1.386294 -1.386294 -1.386294 -1.386294
 -1.386294 -1.386294 -1.386294 -1.386294
 -1.386294 -1.386294 -1.386294 -1.386294
 -0.000001 -15.348068 -15.348068 -15.348068
 -0.000001 -15.348068 -15.348068 -15.348068
 -1.386294 -1.386294 -1.386294 -1.386294
 -1.386294 -1.386294 -1.386294 -1.386294
 -1.386294 -1.386294 -1.386294 -1.386294
 -0.385155 -1.948072 -15.348068 -1.731007
 -1.386294 -1.386294 -1.386294 -1.386294
 -1.386294 -1.386294 -1.386294 -1.386294
 -1.386294 -1.386294 -1.386294 -1.386294
 -1.188225 -1.219973 -1.421839 -1.840549
 -1.481604 -1.193923 -1.992425 -1.098614
 -1.386294 -1.386294 -1.386294 -1.386294
 -1.462280 -1.516347 -1.315677 -1.271226
 -0.897244 -1.178656 -2.564942 -1.571697
 -0.832147 -1.264280 -2.677965 -1.542992
 -0.935161 -1.537334 -2.726908 -1.117482
 -2.251286 -0.816209 -1.720662 -1.295781
 -1.080264 -1.098613 -2.379542 -1.450010
 -1.105680 -1.429466 -3.346372 -0.930476
 -0.716682 -2.374890 -1.815285 -1.363305
 -1.534714 -0.969402 -1.709067 -1.495493
 -1.386294 -1.147065 -2.358150 -1.085190
 -1.174986 -1.084014 -3.303200 -1.151455
 -1.306252 -1.098614 -2.484890 -1.163152
 -1.656321 -1.003997 -2.041981 -1.161626
 -0.870355 -1.394878 -2.123113 -1.543298
 -0.866592 -1.798148 -2.165871 -1.206099
 -1.290985 -1.742965 -2.079432 -0.855670
 -1.393028 -1.091924 -2.113572 -1.219757
 -0.831071 -1.726453 -2.098016 -1.332550
 -0.889859 -1.627455 -2.153545 -1.284512
 -0.962813 -1.704745 -4.007240 -0.871842
 -1.671472 -1.176778 -2.057133 -0.978327
 -1.358515 0.000100 0.000100 0.000100
 -1.588531 0.000100 0.000100 0.000100
 -1.554629 0.000100 0.000100 0.000100
 -1.116375 0.000100 0.000100 0.000100
 -1.154966 -1.805550 -1.400088 -1.294728
 -1.421385 -1.352393 -1.662546 -1.170073
 -1.529394 -1.696447 -1.529394 -0.958853
 -2.047689 -1.588160 -1.354546 -0.895015
 -1.236763 -1.236763 -1.562184 -1.562184
 -0.952011 -1.335001 -1.558143 -1.963604
 -1.098614 -2.397885 -1.145134 -1.356441
 -1.704747 -1.129385 -1.650680 -1.193923
 -0.000004 -13.592372 -13.592372 -13.592372
 -0.000004 -13.473026 -13.473026 -13.473026
 -0.000005 -13.384734 -13.384734 -13.384734
 -0.000004 -13.429854 -13.429854 -13.429854
 -0.000001 -14.859316 -14.859316 -14.859316
 -1.386294 -1.386294 -1.386294 -1.386294
 -1.386294 -1.386294 -1.386294 -1.386294
 -1.386294 -1.386294 -1.386294 -1.386294
 -14.859316 -14.859316 -0.000001 -14.859316
 -1.386294 -1.386294 -1.386294 -1.386294
 -1.386294 -1.386294 -1.386294 -1.386294
 -1.386294 -1.386294 -1.386294 -1.386294
 -1.386294 -1.386294 -1.386294 -1.386294
 -1.386294 -1.386294 -1.386294 -1.386294
 -14.859316 -14.859316 -14.859316 -0.000001
 -1.386294 -1.386294 -1.386294 -1.386294
 -1.386294 -1.386294 -1.386294 -1.386294
 -1.386294 -1.386294 -1.386294 -1.386294
 -1.386294 -1.386294 -1.386294 -1.386294
 -0.000001 -14.859316 -14.859316 -14.859316
 -0.000001 -14.859316 -14.859316 -14.859316
 -1.386294 -1.386294 -1.386294 -1.386294
 -1.386294 -1.386294 -1.386294 -1.386294
 -1.386294 -1.386294 -1.386294 -1.386294
 -0.939445 -1.372308 -14.859316 -1.033854
 -1.386294 -1.386294 -1.386294 -1.386294
 -1.386294 -1.386294 -1.386294 -1.386294
 -1.386294 -1.386294 -1.386294 -1.386294
 -1.377326 -1.451433 -1.126012 -1.665007
 -1.185625 -1.878767 -1.280934 -1.332227
 -1.386294 -1.386294 -1.386294 -1.386294
 -1.479626 -1.524077 -1.118614 -1.479626
 -0.958257 -1.805550 -1.805550 -1.245938
 -1.033017 -1.679640 -1.880309 -1.187167
 -1.156433 -1.849576 -1.716046 -1.054650
 -1.945905 -1.840546 -1.147404 -0.965083
 -1.276294 -1.563975 -1.409825 -1.318853
 -0.905712 -2.240698 -2.240698 -0.959779
 -0.865000 -1.845822 -1.558143 -1.558143
 -1.211091 -1.247458 -1.652922 -1.498772
 -1.119891 -1.663504 -1.720662 -1.186582
 -0.781704 -1.512587 -2.468086 -1.438480
 -1.134982 -2.415901 -1.386294 -1.080915
 -2.358146 -1.470851 -1.213024 -0.971862
 -0.863494 -1.779781 -1.853888 -1.374318
 -1.025855 -1.667704 -2.583980 -0.974562
 -0.924951 -1.495493 -1.980996 -1.421385
 -1.791757 -1.791757 -1.791757 -0.693149
 -0.995429 -1.430746 -2.219198 -1.263692
 -0.906724 -1.871797 -2.341793 -1.060874
 -0.980833 -1.290985 -2.079432 -1.491654
 -1.660730 -1.514127 -1.660730 -0.916292
