 -1.294393 0.000100 0.000100 0.000100
 -1.349545 0.000100 0.000100 0.000100
 -1.742206 0.000100 0.000100 0.000100
 -1.232908 0.000100 0.000100 0.000100
 -0.928562 -2.064912 -1.990804 -1.074515
 -0.861140 -2.223333 -1.712509 -1.242507
 -0.849847 -1.378690 -2.041981 -1.656321
 -1.492675 -1.377162 -1.452669 -1.241361
 -0.908856 -1.639743 -1.927424 -1.356881
 -0.862225 -2.014900 -1.909541 -1.216396
 -0.670506 -1.441210 -2.795746 -1.656321
 -1.434150 -1.494775 -1.652403 -1.061911
 -14.855788 -1.001056 -1.327959 -1.001056
 -14.214290 -1.175305 -1.242747 -0.909603
 -13.892475 -0.790313 -1.591088 -1.071214
 -14.547880 -1.103432 -1.277095 -0.943090
 -1.386294 -1.386294 -1.386294 -1.386294
 -0.786967 -2.882931 -1.196538 -1.678963
 -0.744973 -2.515674 -1.227824 -1.887068
 -1.770705 -2.058387 -0.573004 -1.978344
 -14.786291 -14.786291 -0.000001 -14.786291
 -13.415039 -13.415039 -0.000004 -13.415039
 -14.907435 -14.907435 -0.000001 -14.907435
 -13.989468 -13.989468 -0.000003 -13.989468
 -1.386294 -1.386294 -1.386294 -1.386294
 -1.386294 -1.386294 -1.386294 -1.386294
 -15.827744 -15.827744 -15.827744 -0.000000
 -1.386294 -1.386294 -1.386294 -1.386294
 -1.386294 -1.386294 -1.386294 -1.386294
 -1.386294 -1.386294 -1.386294 -1.386294
 -1.386294 -1.386294 -1.386294 -1.386294
 -0.000000 -15.827744 -15.827744 -15.827744
 -0.000000 -15.827744 -15.827744 -15.827744
 -1.386294 -1.386294 -1.386294 -1.386294
 -1.386294 -1.386294 -1.386294 -1.386294
 -1.386294 -1.386294 -1.386294 -1.386294
 -15.827744 -15.827744 -0.000000 -15.827744
 -1.386294 -1.386294 -1.386294 -1.386294
 -1.386294 -1.386294 -1.386294 -1.386294
 -1.386294 -1.386294 -1.386294 -1.386294
 -1.386294 -1.386294 -1.386294 -1.386294
 -1.386294 -1.386294 -1.386294 -1.386294
 -1.232908 -1.697422 -2.117593 -0.903670
 -1.386294 -1.386294 -1.386294 -1.386294
 -1.273621 -1.002469 -2.088656 -1.472472
 -1.256420 -1.206409 -2.840530 -1.028162
 -0.836250 -1.504077 -2.101910 -1.504077
 -1.863584 -1.088760 -1.586598 -1.191944
 -1.165304 -1.375599 -2.181222 -1.131403
 -1.581038 -1.216396 -2.785006 -0.829623
 -1.349927 -1.424035 -1.909540 -1.044546
 -2.132980 -1.047794 -2.260813 -0.852049
 -0.907018 -1.526056 -2.442342 -1.231257
 -1.126392 -1.497251 -2.904159 -0.923164
 -1.008230 -1.596014 -2.224617 -1.126013
 -1.854938 -1.217672 -1.945909 -0.904457
 -1.152680 -1.450514 -1.815973 -1.247990
 -1.397105 -1.066864 -2.827844 -1.051360
 -0.896748 -1.845824 -2.251285 -1.111859
 -1.580966 -1.193201 -1.862816 -1.091418
 -0.994253 -1.609437 -2.120261 -1.171183
 -1.353350 -1.628762 -2.010128 -0.887988
 -1.386294 -1.731133 -2.166448 -0.780160
 -1.686398 -1.258955 -1.779489 -1.015725
 -1.295780 0.000100 0.000100 0.000100
 -1.663505 0.000100 0.000100 0.000100
 -1.558144 0.000100 0.000100 0.000100
 -1.119890 0.000100 0.000100 0.000100
 -1.137833 -1.682559 -1.682559 -1.178655
 -1.098613 -2.117178 -1.848916 -0.944463
 -0.916292 -2.148431 -1.791758 -1.149906
 -2.006869 -1.562185 -1.419084 -0.881942
 -1.380025 -1.810806 -1.262242 -1.197704
 -1.258041 -1.988924 -1.663504 -0.942960
 -1.020652 -1.936939 -1.936939 -1.045970
 -1.857273 -1.494368 -1.352718 -1.018945
 -14.144817 -1.676376 -0.909123 -0.891424
 -13.825465 -1.781905 -1.282916 -0.589771
 -14.093145 -1.481604 -1.448815 -0.620124
 -14.498610 -1.822530 -1.113880 -0.673148
 -1.386294 -1.386294 -1.386294 -1.386294
 -0.869772 -2.456728 -2.089007 -0.990400
 -0.875470 -2.302582 -1.758969 -1.167606
 -1.740466 -1.781288 -1.720663 -0.739835
 -14.340241 -14.340241 -0.000002 -14.340241
 -13.527834 -13.527834 -0.000004 -13.527834
 -13.764221 -13.764221 -0.000003 -13.764221
 -14.652760 -14.652760 -0.000001 -14.652760
 -1.386294 -1.386294 -1.386294 -1.386294
 -1.386294 -1.386294 -1.386294 -1.386294
 -15.555978 -15.555978 -15.555978 -0.000001
 -1.386294 -1.386294 -1.386294 -1.386294
 -1.386294 -1.386294 -1.386294 -1.386294
 -1.386294 -1.386294 -1.386294 -1.386294
 -1.386294 -1.386294 -1.386294 -1.386294
 -0.000001 -15.555978 -15.555978 -15.555978
 -0.000001 -15.555978 -15.555978 -15.555978
 -1.386294 -1.386294 -1.386294 -1.386294
 -1.386294 -1.386294 -1.386294 -1.386294
 -1.386294 -1.386294 -1.386294 -1.386294
 -15.555978 -15.555978 -0.000001 -15.555978
 -1.386294 -1.386294 -1.386294 -1.386294
 -1.386294 -1.386294 -1.386294 -1.386294
 -1.386294 -1.386294 -1.386294 -1.386294
 -1.386294 -1.386294 -1.386294 -1.386294
 -1.386294 -1.386294 -1.386294 -1.386294
 -0.860840 -1.988927 -1.517323 -1.509354
 -1.386294 -1.386294 -1.386294 -1.386294
 -0.952198 -1.847210 -1.552971 -1.407259
 -1.137834 -1.265667 -1.958809 -1.360977
 -0.638661 -1.737270 -2.263360 -1.650259
 -1.945908 -1.225364 -1.098613 -1.468986
 -0.964463 -1.752919 -1.594695 -1.416447
 -1.065552 -1.483286 -1.945908 -1.252763
 -1.048603 -1.626679 -1.543298 -1.429969
 -2.049586 -1.448815 -1.271884 -1.032655
 -1.299283 -1.704747 -1.481604 -1.145133
 -1.015922 -1.757856 -2.114529 -1.064712
 -1.149906 -1.568615 -1.843051 -1.149906
 -1.884540 -1.191394 -1.399033 -1.212448
 -1.335001 -1.527373 -1.558144 -1.173733
 -1.114743 -1.609437 -1.737270 -1.217396
 -1.004928 -1.774058 -1.673975 -1.284512
 -1.587579 -1.306677 -1.369856 -1.306677
 -1.156882 -1.542543 -1.634916 -1.284715
 -1.122710 -1.891841 -1.745238 -1.052093
 -1.240443 -1.962575 -1.499953 -1.058122
 -1.841769 -1.665878 -1.362197 -0.925480
