 -1.140872 0.000100 0.000100 0.000100
 -1.460225 0.000100 0.000100 0.000100
 -1.784886 0.000100 0.000100 0.000100
 -1.271325 0.000100 0.000100 0.000100
 -0.891424 -1.567178 -1.990033 -1.408113
 -0.723302 -1.842530 -2.130209 -1.437066
 -0.764101 -1.725508 -1.805550 -1.651400
 -1.166435 -1.370034 -1.370034 -1.712977
 -0.787335 -1.518222 -2.137259 -1.570865
 -0.463287 -2.003726 -3.389995 -1.598264
 -0.519879 -1.413693 -2.917751 -2.224617
 -1.109309 -1.285199 -1.710080 -1.547562
 -14.566929 -0.845728 -1.464766 -1.079921
 -13.764221 -1.609437 -1.609437 -0.510828
 -13.017012 -0.671173 -2.197213 -0.973452
 -13.629186 -1.283347 -1.283347 -0.807925
 -1.386294 -1.386294 -1.386294 -1.386294
 -0.787177 -3.663539 -0.845165 -2.410794
 -0.652327 -3.871155 -0.875470 -3.178033
 -2.031430 -2.436893 -0.334290 -2.724573
 -14.187077 -14.187077 -0.000002 -14.187077
 -12.301401 -12.301401 -0.000014 -12.301401
 -14.682612 -14.682612 -0.000001 -14.682612
 -12.611551 -12.611551 -0.000010 -12.611551
 -1.386294 -1.386294 -1.386294 -1.386294
 -1.386294 -1.386294 -1.386294 -1.386294
 -15.285687 -15.285687 -15.285687 -0.000001
 -1.386294 -1.386294 -1.386294 -1.386294
 -1.386294 -1.386294 -1.386294 -1.386294
 -1.386294 -1.386294 -1.386294 -1.386294
 -1.386294 -1.386294 -1.386294 -1.386294
 -0.000001 -15.285687 -15.285687 -15.285687
 -0.000001 -15.285687 -15.285687 -15.285687
 -1.386294 -1.386294 -1.386294 -1.386294
 -1.386294 -1.386294 -1.386294 -1.386294
 -1.386294 -1.386294 -1.386294 -1.386294
 -0.844238 -1.598009 -15.285687 -1.000172
 -1.386294 -1.386294 -1.386294 -1.386294
 -1.386294 -1.386294 -1.386294 -1.386294
 -1.386294 -1.386294 -1.386294 -1.386294
 -1.319086 -1.188058 -1.797120 -1.339288
 -1.838277 -1.145133 -1.912384 -0.980831
 -1.386294 -1.386294 -1.386294 -1.386294
 -1.897118 -1.225027 -1.609437 -1.032123
 -1.299283 -0.980831 -2.280106 -1.386294
 -1.219241 -1.448815 -2.803351 -0.893819
 -0.896748 -2.028143 -1.845824 -1.195240
 -1.798978 -0.744821 -1.889950 -1.567178
 -1.235814 -0.933534 -2.459582 -1.466337
 -1.070442 -1.180443 -2.995721 -1.203973
 -0.733973 -1.272966 -3.218834 -1.609436
 -2.367118 -0.881740 -1.856296 -1.090831
 -1.369487 -1.033016 -1.937469 -1.403389
 -0.845164 -1.584120 -2.341802 -1.312187
 -1.024507 -1.024507 -3.663472 -1.360977
 -1.712977 -0.796689 -2.031430 -1.436725
 -1.061709 -1.393842 -2.182295 -1.226788
 -1.091644 -1.407497 -2.129628 -1.201645
 -1.183772 -1.694593 -3.891728 -0.713770
 -1.655957 -1.522426 -1.756040 -0.871840
 -1.060873 -1.256617 -2.159481 -1.371027
 -1.357024 -1.619387 -2.130209 -0.853922
 -0.693151 -2.159475 -2.564932 -1.178656
 -1.845825 -0.929537 -2.190664 -1.092056
 -1.230215 0.000100 0.000100 0.000100
 -1.703693 0.000100 0.000100 0.000100
 -1.551201 0.000100 0.000100 0.000100
 -1.159105 0.000100 0.000100 0.000100
 -1.119051 -1.711272 -1.458182 -1.346629
 -1.062162 -2.095815 -1.566298 -1.131634
 -0.992854 -1.955920 -1.787783 -1.137196
 -1.698041 -1.613484 -1.440212 -0.965249
 -1.214067 -1.702598 -1.686973 -1.091464
 -1.131906 -1.906398 -1.735440 -1.042294
 -1.077314 -1.854342 -1.905636 -1.037873
 -1.769723 -1.754456 -1.640046 -0.770790
 -15.670245 -1.289420 -1.197214 -0.861483
 -15.196794 -1.709785 -1.158139 -0.683148
 -15.257713 -1.432252 -1.268249 -0.734167
 -16.021585 -1.454658 -1.277855 -0.717675
 -1.386294 -1.386294 -1.386294 -1.386294
 -0.992183 -2.081225 -1.973011 -1.006711
 -1.027303 -1.921571 -2.048055 -1.003302
 -1.924651 -1.615724 -1.492949 -0.842535
 -15.636829 -15.636829 -0.000000 -15.636829
 -15.184151 -15.184151 -0.000001 -15.184151
 -15.245823 -15.245823 -0.000001 -15.245823
 -16.055157 -16.055157 -0.000000 -16.055157
 -1.386294 -1.386294 -1.386294 -1.386294
 -1.386294 -1.386294 -1.386294 -1.386294
 -16.980141 -16.980141 -16.980141 -0.000000
 -1.386294 -1.386294 -1.386294 -1.386294
 -1.386294 -1.386294 -1.386294 -1.386294
 -1.386294 -1.386294 -1.386294 -1.386294
 -1.386294 -1.386294 -1.386294 -1.386294
 0.000000 -16.980141 -16.980141 -16.980141
 0.000000 -16.980141 -16.980141 -16.980141
 -1.386294 -1.386294 -1.386294 -1.386294
 -1.386294 -1.386294 -1.386294 -1.386294
 -1.386294 -1.386294 -1.386294 -1.386294
 -0.873107 -1.708344 -16.980141 -0.913339
 -1.386294 -1.386294 -1.386294 -1.386294
 -1.386294 -1.386294 -1.386294 -1.386294
 -1.386294 -1.386294 -1.386294 -1.386294
 -1.219941 -1.755031 -1.112869 -1.593389
 -1.098613 -1.812961 -1.630640 -1.178655
 -1.386294 -1.386294 -1.386294 -1.386294
 -1.852515 -1.528586 -1.214555 -1.110259
 -1.307306 -1.487099 -1.472061 -1.294727
 -1.112126 -1.825892 -1.625221 -1.160916
 -1.113190 -1.575295 -1.589380 -1.345183
 -1.949010 -1.408204 -1.294650 -1.081728
 -1.118031 -1.487390 -1.615869 -1.392725
 -0.988117 -1.758650 -1.880752 -1.194121
 -1.003302 -1.769780 -1.696449 -1.274289
 -1.659301 -1.384865 -1.292155 -1.256346
 -1.305295 -1.341662 -1.412925 -1.495813
 -0.995072 -1.927891 -1.569829 -1.284577
 -1.050984 -1.613511 -1.709842 -1.308130
 -1.816376 -1.407801 -1.185900 -1.247458
 -1.021145 -1.645018 -1.645018 -1.371211
 -1.106334 -1.742969 -1.619099 -1.216876
 -1.025761 -1.598948 -1.790003 -1.300455
 -1.846363 -1.337581 -1.325386 -1.158332
 -1.229134 -1.549392 -1.419178 -1.373716
 -0.928462 -1.717939 -1.849867 -1.316227
 -1.100655 -1.787686 -1.812378 -1.088460
 -1.923801 -1.343983 -1.378870 -1.075047
