 -1.165203 0.000100 0.000100 0.000100
 -1.367440 0.000100 0.000100 0.000100
 -1.853666 0.000100 0.000100 0.000100
 -1.284748 0.000100 0.000100 0.000100
 -0.918642 -1.805943 -2.142414 -1.141785
 -0.828323 -1.940178 -1.863217 -1.330414
 -0.702539 -1.453953 -2.370237 -1.728388
 -1.370546 -1.252763 -1.909541 -1.164210
 -0.797661 -1.676524 -2.134356 -1.409461
 -0.540026 -1.843430 -2.369520 -1.798978
 -0.607992 -1.455287 -2.708038 -1.860750
 -1.306252 -1.197053 -1.731134 -1.386294
 -14.914124 -0.933098 -1.399717 -1.021652
 -14.220979 -1.427116 -1.347074 -0.693148
 -13.641162 -0.669619 -1.945907 -1.063522
 -14.214290 -1.219757 -1.315067 -0.829560
 -1.386294 -1.386294 -1.386294 -1.386294
 -0.941503 -4.386153 -0.689007 -2.349300
 -0.699228 -3.026494 -0.962812 -2.621033
 -1.960455 -3.544565 -0.330714 -2.190028
 -14.580980 -14.580980 -0.000001 -14.580980
 -12.154800 -12.154800 -0.000016 -12.154800
 -15.158377 -15.158377 -0.000001 -15.158377
 -13.400002 -13.400002 -0.000005 -13.400002
 -1.386294 -1.386294 -1.386294 -1.386294
 -1.386294 -1.386294 -1.386294 -1.386294
 -15.736835 -15.736835 -15.736835 -0.000000
 -1.386294 -1.386294 -1.386294 -1.386294
 -1.386294 -1.386294 -1.386294 -1.386294
 -1.386294 -1.386294 -1.386294 -1.386294
 -1.386294 -1.386294 -1.386294 -1.386294
 -0.000001 -15.736836 -15.736836 -15.736836
 -15.736835 -0.640391 -2.072147 -1.058435
 -1.386294 -1.386294 -1.386294 -1.386294
 -1.386294 -1.386294 -1.386294 -1.386294
 -1.386294 -1.386294 -1.386294 -1.386294
 -1.386294 -1.386294 -1.386294 -1.386294
 -1.342809 -1.934860 -1.003302 -1.479385
 -1.235472 -3.355706 -0.790788 -1.509908
 -1.639418 -2.377015 -0.731862 -1.460727
 -1.671957 -1.214126 -1.495027 -1.234745
 -1.348073 -1.208312 -2.146575 -1.124931
 -1.760668 -1.541615 -2.474433 -0.635210
 -1.754018 -1.199709 -1.754018 -1.042524
 -1.059998 -1.288839 -2.359275 -1.260669
 -1.098613 -1.364316 -2.553895 -1.098613
 -1.316615 -1.355835 -2.628791 -0.911151
 -1.660919 -1.077335 -1.847021 -1.165304
 -0.891999 -1.520606 -2.319111 -1.297463
 -1.432104 -1.260254 -2.595250 -0.908857
 -1.165753 -1.945906 -2.264357 -0.817447
 -1.906169 -1.071945 -2.183799 -0.925341
 -0.875470 -1.280934 -2.420364 -1.529395
 -1.244644 -1.171885 -2.506881 -1.137399
 -1.299284 -1.481604 -2.803341 -0.822361
 -1.795719 -1.202656 -2.442344 -0.806002
 -0.905709 -1.572880 -2.403225 -1.211091
 -1.438119 -1.574695 -2.649204 -0.723920
 -1.403994 -1.478101 -2.944413 -0.747218
 -2.079440 -1.386294 -2.014902 -0.709955
 -1.166751 -1.454432 -2.122259 -1.092643
 -1.223776 -1.504077 -3.238664 -0.810931
 -1.054162 -2.110207 -2.243736 -0.857453
 -2.110212 -1.088562 -2.474854 -0.781078
 -1.321095 0.000100 0.000100 0.000100
 -1.739805 0.000100 0.000100 0.000100
 -1.406235 0.000100 0.000100 0.000100
 -1.163029 0.000100 0.000100 0.000100
 -1.208560 -1.725363 -1.500081 -1.203465
 -1.123261 -1.818193 -1.675330 -1.123261
 -1.196251 -1.718126 -1.748681 -1.066332
 -1.858058 -1.510611 -1.475825 -0.929731
 -1.179832 -1.782784 -1.459046 -1.230857
 -1.250074 -1.767816 -1.621356 -1.063688
 -1.081510 -1.941975 -1.816206 -1.036047
 -1.909690 -1.565846 -1.363251 -0.948982
 -17.036783 -1.328161 -1.022938 -0.979500
 -16.674850 -1.429029 -1.184114 -0.788687
 -16.886814 -1.310003 -1.139782 -0.890886
 -17.347151 -1.474956 -1.102423 -0.822924
 -1.386294 -1.386294 -1.386294 -1.386294
 -0.818419 -2.139249 -2.043307 -1.166263
 -0.886821 -2.054001 -1.901218 -1.169799
 -1.729195 -1.813350 -1.558569 -0.800668
 -17.266451 -17.266451 -0.000000 -17.266451
 -16.438728 -16.438728 -0.000000 -16.438728
 -16.631517 -16.631517 -0.000000 -16.631517
 -17.405674 -17.405674 -0.000000 -17.405674
 -1.386294 -1.386294 -1.386294 -1.386294
 -1.386294 -1.386294 -1.386294 -1.386294
 -18.403128 -18.403128 -18.403128 0.000000
 -1.386294 -1.386294 -1.386294 -1.386294
 -1.386294 -1.386294 -1.386294 -1.386294
 -1.386294 -1.386294 -1.386294 -1.386294
 -1.386294 -1.386294 -1.386294 -1.386294
 0.000000 -18.403128 -18.403128 -18.403128
 -18.403128 -1.056562 -1.319951 -0.953986
 -1.386294 -1.386294 -1.386294 -1.386294
 -1.386294 -1.386294 -1.386294 -1.386294
 -1.386294 -1.386294 -1.386294 -1.386294
 -1.386294 -1.386294 -1.386294 -1.386294
 -1.223483 -1.954141 -1.848367 -0.899886
 -1.150206 -1.709521 -1.590569 -1.208427
 -1.879227 -1.579507 -1.536841 -0.852950
 -1.088309 -1.815231 -1.468272 -1.308996
 -1.287279 -1.561168 -1.784312 -1.060808
 -1.122749 -1.822432 -1.693419 -1.111413
 -1.766719 -1.556957 -1.556957 -0.897582
 -1.173383 -1.673715 -1.478946 -1.290059
 -1.113772 -1.741972 -1.782666 -1.113772
 -1.108191 -1.697499 -1.554763 -1.289298
 -1.718446 -1.496935 -1.345589 -1.089294
 -1.045767 -1.757185 -1.490325 -1.383305
 -1.060585 -1.815290 -1.724318 -1.162634
 -1.001902 -1.769347 -1.649203 -1.308696
 -1.622130 -1.446836 -1.319849 -1.203862
 -1.105270 -1.747625 -1.508233 -1.296853
 -1.092719 -1.708786 -1.720727 -1.188510
 -1.093570 -1.596199 -1.676430 -1.289982
 -1.709806 -1.466938 -1.357523 -1.105120
 -1.125252 -1.659017 -1.529638 -1.314944
 -1.165109 -1.714055 -1.626568 -1.166760
 -1.039570 -1.650830 -1.696064 -1.305273
 -1.820707 -1.393540 -1.293456 -1.153367
 -1.201433 -1.643803 -1.506988 -1.257314
 -1.206614 -1.635491 -1.674306 -1.144144
 -1.053028 -1.711400 -1.657200 -1.273554
 -1.926888 -1.351974 -1.353324 -1.086811
