 -1.132862 0.000100 0.000100 0.000100
 -1.504077 0.000100 0.000100 0.000100
 -1.872363 0.000100 0.000100 0.000100
 -1.197633 0.000100 0.000100 0.000100
 -0.905893 -1.581944 -1.945909 -1.396802
 -0.893819 -1.761906 -1.992429 -1.262916
 -0.730328 -1.485993 -2.086765 -1.784485
 -2.011191 -1.072923 -1.551660 -1.163895
 -0.964246 -0.921321 -1.730151 -3.135488
 -0.790312 -1.264405 -1.614078 -2.736216
 -0.612023 -1.194628 -1.960093 -4.262633
 -1.447988 -0.763974 -1.344447 -3.258087
 -0.000001 -15.050983 -15.050983 -15.050983
 -0.000001 -15.015476 -15.015476 -15.015476
 -0.000002 -14.386493 -14.386493 -14.386493
 -0.000008 -12.847937 -12.847937 -12.847937
 -0.752090 -3.614287 -0.783531 -3.103463
 -1.386294 -1.386294 -1.386294 -1.386294
 -1.386294 -1.386294 -1.386294 -1.386294
 -1.386294 -1.386294 -1.386294 -1.386294
 -15.250596 -15.250596 -0.000001 -15.250596
 -12.388411 -12.388411 -0.000012 -12.388411
 -15.219154 -15.219154 -0.000001 -15.219154
 -12.899230 -12.899230 -0.000007 -12.899230
 -1.386294 -1.386294 -1.386294 -1.386294
 -1.386294 -1.386294 -1.386294 -1.386294
 -16.002686 -16.002686 -16.002686 -0.000000
 -1.386294 -1.386294 -1.386294 -1.386294
 -1.386294 -1.386294 -1.386294 -1.386294
 -1.386294 -1.386294 -1.386294 -1.386294
 -1.386294 -1.386294 -1.386294 -1.386294
 -16.002686 -1.555902 -0.622734 -1.376244
 -1.386294 -1.386294 -1.386294 -1.386294
 -0.432422 -2.346067 -3.850125 -1.452252
 -0.361469 -2.506047 -3.225167 -1.703702
 -1.059392 -2.120262 -2.371575 -0.820981
 -15.488863 -15.488863 -0.000001 -15.488863
 -13.641162 -13.641162 -0.000004 -13.641162
 -12.994539 -12.994539 -0.000007 -12.994539
 -14.648421 -14.648421 -0.000001 -14.648421
 -1.386294 -1.386294 -1.386294 -1.386294
 -1.386294 -1.386294 -1.386294 -1.386294
 -1.291086 -1.956062 -2.217633 -0.744972
 -1.386294 -1.386294 -1.386294 -1.386294
 -1.144550 -1.787685 -2.282380 -0.886138
 -0.965082 -1.504077 -2.639049 -1.122710
 -1.019364 -1.935651 -2.495261 -0.885833
 -2.022020 -1.276688 -1.729884 -0.888317
 -1.302360 -1.448072 -2.012600 -1.023189
 -1.411485 -1.208961 -2.595250 -0.959500
 -1.394878 -2.054121 -2.459582 -0.619041
 -2.137260 -1.310583 -1.943104 -0.756938
 -1.144335 -1.632037 -2.297011 -0.953280
 -1.228290 -1.510857 -2.458235 -0.914042
 -1.016375 -1.709520 -2.256060 -1.043043
 -1.982951 -1.328271 -2.001999 -0.771460
 -1.084626 -1.511144 -1.864783 -1.250419
 -1.133356 -1.585340 -2.144954 -1.032551
 -1.021652 -2.407938 -2.207270 -0.820982
 -1.827233 -1.336611 -1.794443 -0.891141
 -1.036481 -1.741748 -1.844402 -1.164862
 -1.029620 -1.667196 -2.333673 -1.029620
 -1.038894 -1.823010 -1.977160 -1.060873
 -1.724580 -1.336210 -1.612463 -1.022995
 -1.297562 0.000100 0.000100 0.000100
 -1.711336 0.000100 0.000100 0.000100
 -1.391691 0.000100 0.000100 0.000100
 -1.212260 0.000100 0.000100 0.000100
 -1.142097 -1.558736 -1.452252 -1.442202
 -1.100999 -1.701773 -1.663306 -1.218782
 -1.088276 -1.631321 -1.690563 -1.261895
 -2.027280 -1.242326 -1.278044 -1.200602
 -1.202646 -1.574209 -1.003664 -2.072295
 -1.019527 -1.643504 -1.199200 -1.934492
 -0.966386 -1.772962 -1.233500 -1.842354
 -1.937425 -1.305239 -0.995656 -1.535551
 -0.000000 -16.411512 -16.411512 -16.411512
 -0.000000 -16.109055 -16.109055 -16.109055
 -0.000000 -16.562141 -16.562141 -16.562141
 -0.000000 -15.835733 -15.835733 -15.835733
 -1.168374 -1.695960 -1.670466 -1.147133
 -1.386294 -1.386294 -1.386294 -1.386294
 -1.386294 -1.386294 -1.386294 -1.386294
 -1.386294 -1.386294 -1.386294 -1.386294
 -16.485514 -16.485514 -0.000000 -16.485514
 -15.957928 -15.957928 -0.000000 -15.957928
 -15.983421 -15.983421 -0.000000 -15.983421
 -16.506754 -16.506754 -0.000000 -16.506754
 -1.386294 -1.386294 -1.386294 -1.386294
 -1.386294 -1.386294 -1.386294 -1.386294
 -17.653887 -17.653887 -17.653887 -0.000000
 -1.386294 -1.386294 -1.386294 -1.386294
 -1.386294 -1.386294 -1.386294 -1.386294
 -1.386294 -1.386294 -1.386294 -1.386294
 -1.386294 -1.386294 -1.386294 -1.386294
 -17.653887 -1.249861 -1.362679 -0.782020
 -1.386294 -1.386294 -1.386294 -1.386294
 -1.175093 -2.057887 -1.751268 -0.941782
 -1.281775 -2.063588 -1.772600 -0.854331
 -1.817983 -1.652714 -1.337168 -0.958339
 -16.200598 -16.200598 -0.000000 -16.200598
 -15.800642 -15.800642 -0.000000 -15.800642
 -16.109055 -16.109055 -0.000000 -16.109055
 -16.727861 -16.727861 -0.000000 -16.727861
 -1.386294 -1.386294 -1.386294 -1.386294
 -1.386294 -1.386294 -1.386294 -1.386294
 -1.013433 -1.801060 -1.711336 -1.233467
 -1.386294 -1.386294 -1.386294 -1.386294
 -1.197666 -1.739755 -1.406667 -1.281646
 -1.066538 -1.988526 -1.605534 -1.145319
 -0.871425 -1.978620 -1.996012 -1.179251
 -1.901812 -1.533326 -1.414022 -0.937203
 -1.109989 -1.901655 -1.337720 -1.352192
 -1.123645 -1.739972 -1.459357 -1.320521
 -0.941355 -1.887267 -1.599586 -1.360878
 -1.933323 -1.551169 -1.233287 -1.044124
 -1.147860 -1.714714 -1.595049 -1.204736
 -1.096149 -1.815466 -1.728455 -1.122319
 -1.004616 -1.718866 -1.632645 -1.350412
 -1.802215 -1.545410 -1.468320 -0.937692
 -1.131999 -1.758007 -1.368542 -1.383314
 -1.165463 -1.794071 -1.532776 -1.184155
 -1.042332 -1.819509 -1.669076 -1.214555
 -1.876514 -1.522035 -1.235122 -1.085270
 -1.197407 -1.834560 -1.371386 -1.256723
 -1.056199 -1.905744 -1.625967 -1.181587
 -1.034897 -1.797036 -1.481956 -1.379301
 -1.770345 -1.560854 -1.275753 -1.077198
