 -1.116514 0.000100 0.000100 0.000100
 -1.386294 0.000100 0.000100 0.000100
 -2.047692 0.000100 0.000100 0.000100
 -1.225713 0.000100 0.000100 0.000100
 -0.791418 -1.421386 -2.055108 -1.729686
 -0.752967 -1.747587 -2.098984 -1.459906
 -0.644360 -1.337505 -2.079437 -2.436107
 -1.312187 -0.984500 -1.836710 -1.620487
 -0.910449 -1.012578 -1.856297 -2.549442
 -0.552070 -1.442384 -1.887068 -3.314172
 -0.370377 -1.540444 -2.484897 -4.430721
 -1.056054 -0.916292 -1.700408 -2.665482
 -0.000001 -14.900702 -14.900702 -14.900702
 -0.000002 -14.488457 -14.488457 -14.488457
 -0.000003 -13.742944 -13.742944 -13.742944
 -0.000009 -12.765699 -12.765699 -12.765699
 -1.040648 -4.483796 -0.468715 -4.637944
 -1.386294 -1.386294 -1.386294 -1.386294
 -1.386294 -1.386294 -1.386294 -1.386294
 -1.386294 -1.386294 -1.386294 -1.386294
 -14.599414 -14.599414 -0.000001 -14.599414
 -11.156307 -11.156307 -0.000043 -11.156307
 -15.171347 -15.171347 -0.000001 -15.171347
 -11.002167 -11.002167 -0.000050 -11.002167
 -1.386294 -1.386294 -1.386294 -1.386294
 -1.386294 -1.386294 -1.386294 -1.386294
 -15.640060 -15.640060 -15.640060 -0.000000
 -1.386294 -1.386294 -1.386294 -1.386294
 -1.386294 -1.386294 -1.386294 -1.386294
 -1.386294 -1.386294 -1.386294 -1.386294
 -1.386294 -1.386294 -1.386294 -1.386294
 -15.640060 -1.106710 -0.884542 -1.360815
 -1.386294 -1.386294 -1.386294 -1.386294
 -0.707890 -1.767661 -2.187513 -1.494368
 -0.482583 -2.079440 -1.989828 -2.111188
 -1.603168 -1.307704 -1.380025 -1.284715
 -0.682891 -1.684339 -14.883665 -1.173514
 -0.675131 -1.992427 -13.910825 -1.036920
 -0.595986 -2.282377 -13.795312 -1.058608
 -1.299283 -1.299283 -14.006134 -0.788459
 -1.035152 -1.738055 -1.718637 -1.239064
 -1.107582 -1.673975 -3.332183 -0.806477
 -1.386294 -1.386294 -1.386294 -1.386294
 -2.088656 -1.646825 -1.773576 -0.665997
 -1.289353 -1.226174 -2.478932 -1.057552
 -1.239691 -1.403994 -2.790277 -0.907558
 -1.165305 -1.699385 -2.923146 -0.794932
 -1.767661 -1.123305 -1.978970 -1.005522
 -1.272966 -1.714797 -2.120261 -0.867502
 -1.267235 -1.374866 -3.549600 -0.828323
 -0.836251 -1.696447 -4.094251 -1.003304
 -1.998094 -0.975196 -2.062633 -1.021181
 -0.943504 -1.569959 -1.959422 -1.340385
 -1.270463 -1.291516 -2.743762 -0.967277
 -0.810933 -2.379534 -1.686396 -1.280935
 -1.655183 -1.187844 -2.369835 -0.890212
 -0.927655 -1.808853 -1.843944 -1.264127
 -1.233954 -1.766757 -2.066860 -0.888209
 -0.708654 -1.977158 -3.481196 -1.083346
 -1.704747 -1.188935 -1.867266 -1.024180
 -1.158905 -1.625523 -1.869145 -1.093308
 -0.990983 -1.938361 -2.397890 -0.931559
 -1.211942 -1.658227 -1.722765 -1.098614
 -1.568616 -1.248144 -2.330753 -0.897942
 -1.206428 0.000100 0.000100 0.000100
 -1.725116 0.000100 0.000100 0.000100
 -1.584877 0.000100 0.000100 0.000100
 -1.146930 0.000100 0.000100 0.000100
 -1.168361 -1.698389 -1.360339 -1.388007
 -1.084082 -1.780325 -1.607088 -1.228491
 -1.079933 -1.689083 -1.650478 -1.259716
 -2.013218 -1.293533 -1.220877 -1.213449
 -1.218943 -1.489356 -1.014501 -2.151095
 -1.000179 -1.702420 -1.163018 -1.984838
 -1.047955 -1.833388 -1.223055 -1.634012
 -1.778843 -1.420886 -0.986177 -1.529395
 0.000000 -17.943129 -17.943129 -17.943129
 0.000000 -17.599245 -17.599245 -17.599245
 0.000000 -18.101027 -18.101027 -18.101027
 0.000000 -17.402081 -17.402081 -17.402081
 -1.168866 -1.654974 -1.574032 -1.234514
 -1.386294 -1.386294 -1.386294 -1.386294
 -1.386294 -1.386294 -1.386294 -1.386294
 -1.386294 -1.386294 -1.386294 -1.386294
 -18.016165 -18.016165 0.000000 -18.016165
 -17.530058 -17.530058 0.000000 -17.530058
 -17.611000 -17.611000 0.000000 -17.611000
 -17.950518 -17.950518 0.000000 -17.950518
 -1.386294 -1.386294 -1.386294 -1.386294
 -1.386294 -1.386294 -1.386294 -1.386294
 -19.185032 -19.185032 -19.185032 0.000000
 -1.386294 -1.386294 -1.386294 -1.386294
 -1.386294 -1.386294 -1.386294 -1.386294
 -1.386294 -1.386294 -1.386294 -1.386294
 -1.386294 -1.386294 -1.386294 -1.386294
 -19.185032 -1.139044 -1.079336 -1.078651
 -1.386294 -1.386294 -1.386294 -1.386294
 -1.165685 -1.613811 -1.517107 -1.310007
 -1.178895 -1.785476 -1.320797 -1.355797
 -1.809302 -1.449455 -1.165426 -1.238758
 -0.855329 -1.445308 -17.838001 -1.081214
 -0.824724 -1.570056 -17.578337 -1.039560
 -0.784210 -1.592660 -17.864334 -1.078409
 -1.488394 -1.207168 -17.884880 -0.743973
 -1.095811 -1.795180 -1.431700 -1.344263
 -1.127898 -1.680760 -1.693405 -1.183640
 -1.386294 -1.386294 -1.386294 -1.386294
 -1.918790 -1.442847 -1.335099 -1.038941
 -1.206418 -1.876548 -1.397976 -1.202247
 -1.165133 -1.726072 -1.537150 -1.220293
 -1.102186 -1.809756 -1.609636 -1.190066
 -1.857118 -1.518288 -1.306847 -1.038122
 -1.070602 -1.784944 -1.510675 -1.314418
 -1.074938 -1.826354 -1.626848 -1.200202
 -0.941266 -1.860079 -1.701608 -1.302630
 -1.848771 -1.414167 -1.396786 -1.043981
 -1.123056 -1.684129 -1.463710 -1.355829
 -1.049680 -1.723164 -1.822515 -1.171728
 -1.017989 -1.720740 -1.669024 -1.304477
 -1.814078 -1.406091 -1.364765 -1.089241
 -1.139596 -1.717651 -1.344138 -1.427950
 -1.057271 -1.931405 -1.550233 -1.219240
 -0.985937 -1.790684 -1.557015 -1.389097
 -1.803221 -1.434610 -1.269602 -1.151757
 -1.086853 -1.651219 -1.537891 -1.362288
 -1.062920 -1.705495 -1.625242 -1.287326
 -0.982976 -1.741943 -1.676123 -1.333602
 -1.811217 -1.425596 -1.401968 -1.049629
