 -1.030426 0.000100 0.000100 0.000100
 -1.323774 0.000100 0.000100 0.000100
 -2.079441 0.000100 0.000100 0.000100
 -1.378262 0.000100 0.000100 0.000100
 -0.632856 -1.742162 -1.957272 -1.880311
 -0.805266 -1.887068 -2.049586 -1.299283
 -0.630630 -1.562184 -2.740821 -1.642226
 -1.496109 -0.877071 -2.055722 -1.461018
 -0.702538 -1.494775 -2.593383 -1.581786
 -0.626458 -2.114529 -3.144136 -1.198243
 -0.489552 -1.729236 -3.433944 -1.729236
 -1.425515 -1.033474 -1.871800 -1.386294
 -14.652760 -1.023578 -1.331544 -0.976510
 -13.910825 -1.609437 -1.609437 -0.510828
 -12.873912 -0.773195 -1.265667 -1.360977
 -13.963934 -1.170072 -1.662547 -0.693149
 -1.386294 -1.386294 -1.386294 -1.386294
 -0.894518 -3.122982 -0.849398 -2.124463
 -0.610457 -2.961818 -0.903444 -13.963934
 -2.913249 -2.759100 -0.239109 -2.353637
 -14.151986 -14.151986 -0.000002 -14.151986
 -12.506192 -12.506192 -0.000011 -12.506192
 -14.876768 -14.876768 -0.000001 -14.876768
 -12.899230 -12.899230 -0.000007 -12.899230
 -1.386294 -1.386294 -1.386294 -1.386294
 -1.386294 -1.386294 -1.386294 -1.386294
 -15.416917 -15.416917 -15.416917 -0.000001
 -1.386294 -1.386294 -1.386294 -1.386294
 -1.386294 -1.386294 -1.386294 -1.386294
 -1.386294 -1.386294 -1.386294 -1.386294
 -1.386294 -1.386294 -1.386294 -1.386294
 -15.416917 -2.163524 -0.466783 -1.354546
 -1.386294 -1.386294 -1.386294 -1.386294
 -0.546548 -1.845822 -2.656739 -1.645154
 -0.156297 -2.604295 -3.948018 -2.967199
 -1.138459 -1.593933 -1.856296 -1.138459
 -2.067744 -4.219489 -0.249217 -2.533106
 -1.495493 -2.450992 -0.505099 -2.450992
 -0.916296 -3.401111 -0.916296 -1.791753
 -2.427737 -2.427737 -0.268268 -2.833194
 -1.531476 -1.906166 -1.413693 -0.936771
 -1.223779 -1.041461 -2.140040 -1.446918
 -1.770019 -2.159483 -2.601315 -0.446116
 -1.767657 -1.634128 -1.767657 -0.769138
 -1.098613 -1.504077 -2.708038 -0.973451
 -1.496642 -1.314321 -2.595241 -0.837399
 -1.349927 -1.216396 -3.295794 -0.897944
 -2.068969 -1.245770 -1.868299 -0.840305
 -1.418383 -1.375823 -2.474427 -0.864999
 -1.223776 -1.174986 -2.833204 -1.084014
 -1.209839 -1.558143 -2.097134 -0.998531
 -1.970241 -1.074859 -2.079440 -0.930820
 -0.953680 -1.555853 -2.293447 -1.194841
 -1.197284 -1.708108 -2.295892 -0.876813
 -1.493924 -1.812374 -2.282371 -0.672949
 -1.807759 -1.022240 -2.351372 -0.965082
 -1.053151 -1.768769 -1.724317 -1.196251
 -1.339774 -1.617405 -2.756831 -0.741939
 -0.896091 -2.100052 -2.793183 -0.896091
 -1.760987 -1.325670 -1.731134 -0.953431
 -1.237612 -1.542992 -1.784153 -1.113998
 -1.118031 -1.508896 -2.005330 -1.147884
 -1.084015 -2.273589 -1.734599 -0.961413
 -1.707341 -1.237339 -1.930484 -0.958626
 -1.278242 0.000100 0.000100 0.000100
 -1.575080 0.000100 0.000100 0.000100
 -1.510328 0.000100 0.000100 0.000100
 -1.225385 0.000100 0.000100 0.000100
 -1.150779 -1.682996 -1.542154 -1.259226
 -1.119163 -1.825779 -1.673203 -1.124823
 -1.044808 -1.796377 -1.727461 -1.188734
 -1.854865 -1.443880 -1.400200 -1.018966
 -1.234495 -1.783348 -1.379992 -1.240073
 -1.325535 -1.819886 -1.608403 -0.988625
 -1.108345 -1.944499 -1.711158 -1.060797
 -1.976986 -1.482772 -1.356499 -0.975655
 -18.973703 -1.326946 -1.111639 -0.902155
 -18.665586 -1.319605 -1.284211 -0.785503
 -18.902613 -1.370365 -1.161176 -0.837322
 -19.313662 -1.358993 -1.206733 -0.812139
 -1.386294 -1.386294 -1.386294 -1.386294
 -0.971783 -1.928414 -2.031412 -1.064027
 -0.893623 -1.872797 -2.120294 -1.148413
 -1.995342 -1.531009 -1.442519 -0.888229
 -19.113728 -19.113728 0.000000 -19.113728
 -18.655674 -18.655674 0.000000 -18.655674
 -18.625498 -18.625498 0.000000 -18.625498
 -19.370638 -19.370638 0.000000 -19.370638
 -1.386294 -1.386294 -1.386294 -1.386294
 -1.386294 -1.386294 -1.386294 -1.386294
 -20.377615 -20.377615 -20.377615 0.000000
 -1.386294 -1.386294 -1.386294 -1.386294
 -1.386294 -1.386294 -1.386294 -1.386294
 -1.386294 -1.386294 -1.386294 -1.386294
 -1.386294 -1.386294 -1.386294 -1.386294
 -20.377615 -1.225625 -1.264788 -0.857723
 -1.386294 -1.386294 -1.386294 -1.386294
 -1.273454 -1.528707 -1.571566 -1.218744
 -1.214033 -1.769487 -1.400611 -1.251288
 -1.926348 -1.541134 -1.286385 -1.010835
 -1.041299 -1.939911 -1.585051 -1.209488
 -1.049483 -1.852872 -1.819193 -1.105822
 -0.992129 -1.803867 -1.730749 -1.246877
 -1.765551 -1.564507 -1.445559 -0.956847
 -1.162526 -1.837211 -1.341369 -1.322170
 -1.274147 -1.634550 -1.721752 -1.059763
 -1.066997 -1.832794 -1.675987 -1.174833
 -1.876697 -1.575743 -1.331657 -0.978134
 -1.238578 -1.799925 -1.370373 -1.234843
 -1.145934 -1.775217 -1.619228 -1.156532
 -1.103958 -1.808683 -1.545323 -1.233295
 -1.827214 -1.549108 -1.335384 -1.011579
 -1.165261 -1.773958 -1.430942 -1.275057
 -1.134607 -1.753854 -1.623427 -1.177251
 -1.034669 -1.809480 -1.609736 -1.269484
 -1.795755 -1.504277 -1.355238 -1.038645
 -1.136872 -1.733108 -1.441041 -1.325149
 -1.108326 -1.747394 -1.766803 -1.124598
 -1.041929 -1.737184 -1.689450 -1.249703
 -1.778937 -1.434289 -1.382823 -1.072862
 -1.195172 -1.717616 -1.364900 -1.337702
 -1.140766 -1.806863 -1.585044 -1.166938
 -1.033691 -1.851050 -1.574311 -1.272659
 -1.802939 -1.514625 -1.281379 -1.085771
 -1.231345 -1.632689 -1.454049 -1.276276
 -1.130688 -1.710371 -1.673260 -1.175205
 -1.105353 -1.732947 -1.615238 -1.226560
 -1.887268 -1.440320 -1.341168 -1.049471
