 -1.133657 0.000100 0.000100 0.000100
 -1.502754 0.000100 0.000100 0.000100
 -1.839226 0.000100 0.000100 0.000100
 -1.215072 0.000100 0.000100 0.000100
 -1.015725 -1.621860 -1.382188 -1.664420
 -0.767256 -1.756667 -1.828126 -1.597603
 -0.762142 -1.696448 -1.696448 -1.791758
 -1.540445 -1.221992 -1.284512 -1.540445
 -0.916291 -1.307963 -1.487548 -2.266215
 -0.675130 -1.579584 -1.847847 -2.061421
 -0.572785 -1.318853 -1.928617 -3.761178
 -1.701374 -0.936770 -1.413693 -1.701374
 -0.000001 -14.966084 -14.966084 -14.966084
 -0.000001 -14.562201 -14.562201 -14.562201
 -0.000002 -14.207556 -14.207556 -14.207556
 -0.000004 -13.592372 -13.592372 -13.592372
 -15.837059 -2.149380 -0.329609 -1.806436
 -1.386294 -1.386294 -1.386294 -1.386294
 -1.386294 -1.386294 -1.386294 -1.386294
 -1.386294 -1.386294 -1.386294 -1.386294
 -1.386294 -1.386294 -1.386294 -1.386294
 -13.687682 -13.687682 -0.000003 -13.687682
 -15.507450 -15.507450 -0.000001 -15.507450
 -14.030625 -14.030625 -0.000002 -14.030625
 -1.386294 -1.386294 -1.386294 -1.386294
 -1.386294 -1.386294 -1.386294 -1.386294
 -15.837059 -15.837059 -15.837059 -0.000000
 -1.386294 -1.386294 -1.386294 -1.386294
 -1.386294 -1.386294 -1.386294 -1.386294
 -1.386294 -1.386294 -1.386294 -1.386294
 -1.386294 -1.386294 -1.386294 -1.386294
 -0.000000 -15.837059 -15.837059 -15.837059
 -0.000000 -15.837059 -15.837059 -15.837059
 -1.386294 -1.386294 -1.386294 -1.386294
 -1.386294 -1.386294 -1.386294 -1.386294
 -1.386294 -1.386294 -1.386294 -1.386294
 -1.219546 -2.031597 -0.858397 -1.899330
 -1.386294 -1.386294 -1.386294 -1.386294
 -1.386294 -1.386294 -1.386294 -1.386294
 -1.386294 -1.386294 -1.386294 -1.386294
 -1.089684 -1.455928 -1.475346 -1.600509
 -1.417066 -1.039773 -2.292529 -1.193923
 -1.325670 -1.519826 -1.760987 -1.067841
 -2.088327 -1.431551 -1.143870 -1.143870
 -1.376244 -0.881549 -2.152771 -1.527067
 -0.832910 -1.604017 -2.575873 -1.244644
 -0.929537 -1.622682 -2.538968 -1.111858
 -1.466337 -0.991444 -1.964174 -1.355111
 -1.280105 -1.018889 -2.188958 -1.390452
 -1.331544 -1.072970 -2.957505 -1.072970
 -0.916293 -1.742967 -2.436107 -1.086191
 -1.675619 -1.036541 -1.981000 -1.138819
 -1.396447 -1.245216 -1.704747 -1.262916
 -1.052093 -1.468986 -2.584986 -1.063521
 -1.596014 -1.596014 -1.906166 -0.807560
 -1.778855 -1.060392 -1.858898 -1.111685
 -1.141400 -1.445611 -1.786537 -1.281982
 -1.070442 -1.321756 -2.639053 -1.142415
 -1.069626 -1.629239 -2.427741 -0.987388
 -1.722766 -1.172721 -1.840549 -1.040793
 -0.942452 -1.623622 -1.623622 -1.532650
 -0.936597 -1.682386 -2.654242 -1.044810
 -0.850778 -1.999395 -1.856295 -1.268512
 -1.820508 -1.152680 -1.925868 -0.976789
 -1.085478 0.000100 0.000100 0.000100
 -2.032484 0.000100 0.000100 0.000100
 -1.636236 0.000100 0.000100 0.000100
 -1.089043 0.000100 0.000100 0.000100
 -1.479471 -1.831691 -1.161018 -1.207538
 -1.107830 -1.983295 -1.646824 -1.080431
 -1.098613 -1.868719 -1.424035 -1.303407
 -1.873589 -1.445135 -1.290984 -1.091495
 -0.952471 -1.727855 -1.351378 -1.727855
 -0.890146 -1.926235 -1.328400 -1.721442
 -1.046653 -2.371575 -1.390749 -1.181994
 -1.665007 -1.728186 -1.280162 -1.035040
 -0.000001 -14.793839 -14.793839 -14.793839
 -0.000002 -14.030625 -14.030625 -14.030625
 -0.000001 -14.599414 -14.599414 -14.599414
 -0.000001 -14.617514 -14.617514 -14.617514
 -15.934174 -1.074858 -1.525335 -0.818471
 -1.386294 -1.386294 -1.386294 -1.386294
 -1.386294 -1.386294 -1.386294 -1.386294
 -1.386294 -1.386294 -1.386294 -1.386294
 -1.386294 -1.386294 -1.386294 -1.386294
 -14.859316 -14.859316 -0.000001 -14.859316
 -14.408839 -14.408839 -0.000002 -14.408839
 -15.115704 -15.115704 -0.000001 -15.115704
 -1.386294 -1.386294 -1.386294 -1.386294
 -1.386294 -1.386294 -1.386294 -1.386294
 -15.934174 -15.934174 -15.934174 -0.000000
 -1.386294 -1.386294 -1.386294 -1.386294
 -1.386294 -1.386294 -1.386294 -1.386294
 -1.386294 -1.386294 -1.386294 -1.386294
 -1.386294 -1.386294 -1.386294 -1.386294
 -0.000000 -15.934174 -15.934174 -15.934174
 -0.000000 -15.934174 -15.934174 -15.934174
 -1.386294 -1.386294 -1.386294 -1.386294
 -1.386294 -1.386294 -1.386294 -1.386294
 -1.386294 -1.386294 -1.386294 -1.386294
 -1.000247 -1.848635 -1.936340 -1.107061
 -1.386294 -1.386294 -1.386294 -1.386294
 -1.386294 -1.386294 -1.386294 -1.386294
 -1.386294 -1.386294 -1.386294 -1.386294
 -1.190986 -1.596450 -1.246248 -1.580450
 -1.186318 -1.474000 -1.739702 -1.237612
 -0.916292 -1.529395 -1.742968 -1.568615
 -1.788129 -1.627787 -1.128135 -1.162424
 -1.330606 -1.399598 -1.473706 -1.347413
 -1.104444 -1.815289 -1.255674 -1.509908
 -0.979323 -1.760576 -1.409179 -1.569521
 -1.890849 -1.245713 -1.485385 -1.093907
 -1.129250 -1.596589 -1.352393 -1.534714
 -1.035100 -1.775498 -1.654137 -1.258243
 -0.943759 -1.912007 -2.177709 -1.050527
 -1.998679 -1.176322 -1.376992 -1.191589
 -1.339041 -1.386294 -1.370294 -1.452986
 -1.098613 -1.791758 -1.548137 -1.247033
 -1.020361 -1.681758 -1.650986 -1.340832
 -2.038282 -1.267578 -1.313388 -1.141538
 -1.248144 -1.504077 -1.525131 -1.297741
 -0.929537 -1.720663 -1.396876 -1.720663
 -1.188860 -1.454562 -1.476541 -1.454562
 -1.541901 -1.244068 -1.444738 -1.339378
 -1.135884 -1.516347 -1.721141 -1.271225
 -1.173514 -1.656940 -1.578978 -1.224807
 -1.043183 -1.796953 -1.796953 -1.151817
 -1.892106 -1.532104 -1.342061 -0.989240
