 -1.267057 0.000100 0.000100 0.000100
 -1.399481 0.000100 0.000100 0.000100
 -1.983734 0.000100 0.000100 0.000100
 -1.096431 0.000100 0.000100 0.000100
 -1.394076 -1.363305 -1.815288 -1.098613
 -0.738405 -1.782947 -2.088327 -1.469291
 -1.007643 -1.578184 -1.745237 -1.370546
 -1.772340 -1.005087 -1.564702 -1.366876
 -1.216396 -1.055128 -1.167606 -3.113502
 -0.652658 -1.361803 -1.660295 -3.409474
 -0.595512 -1.137834 -2.054119 -13.567055
 -1.524444 -0.725939 -1.452986 -2.740831
 -0.000002 -14.363634 -14.363634 -14.363634
 -0.000002 -14.304093 -14.304093 -14.304093
 -0.000003 -13.854735 -13.854735 -13.854735
 -0.000017 -12.100735 -12.100735 -12.100735
 -0.000001 -15.337211 -15.337211 -15.337211
 -1.386294 -1.386294 -1.386294 -1.386294
 -1.386294 -1.386294 -1.386294 -1.386294
 -1.386294 -1.386294 -1.386294 -1.386294
 -15.337211 -15.337211 -0.000001 -15.337211
 -1.386294 -1.386294 -1.386294 -1.386294
 -1.386294 -1.386294 -1.386294 -1.386294
 -1.386294 -1.386294 -1.386294 -1.386294
 -1.386294 -1.386294 -1.386294 -1.386294
 -1.386294 -1.386294 -1.386294 -1.386294
 -15.337211 -15.337211 -15.337211 -0.000001
 -1.386294 -1.386294 -1.386294 -1.386294
 -1.386294 -1.386294 -1.386294 -1.386294
 -1.386294 -1.386294 -1.386294 -1.386294
 -1.386294 -1.386294 -1.386294 -1.386294
 -0.000001 -15.337211 -15.337211 -15.337211
 -0.000001 -15.337211 -15.337211 -15.337211
 -1.386294 -1.386294 -1.386294 -1.386294
 -1.386294 -1.386294 -1.386294 -1.386294
 -1.386294 -1.386294 -1.386294 -1.386294
 -15.337211 -15.337211 -0.000001 -15.337211
 -1.386294 -1.386294 -1.386294 -1.386294
 -1.386294 -1.386294 -1.386294 -1.386294
 -1.386294 -1.386294 -1.386294 -1.386294
 -1.386294 -1.386294 -1.386294 -1.386294
 -1.386294 -1.386294 -1.386294 -1.386294
 -1.150136 -1.251672 -1.757421 -1.492140
 -1.386294 -1.386294 -1.386294 -1.386294
 -1.064712 -1.510998 -1.980999 -1.215534
 -1.003997 -1.474000 -2.929276 -1.046557
 -0.705889 -1.971549 -1.971549 -1.479076
 -1.499234 -1.138222 -1.200742 -1.862138
 -1.609437 -1.163151 -2.079439 -1.014732
 -1.618916 -0.879251 -2.871667 -1.108092
 -1.143065 -1.931517 -1.669155 -1.056054
 -1.721141 -1.174599 -1.816450 -1.050985
 -1.396657 -1.355835 -2.089800 -0.991193
 -1.171638 -1.400479 -3.857184 -0.861484
 -1.133100 -1.880309 -2.691225 -0.781704
 -1.897118 -0.826680 -2.302581 -1.163151
 -0.902869 -1.713796 -2.512298 -1.098613
 -1.323556 -1.323556 -2.369520 -0.983231
 -0.916295 -1.945902 -2.169040 -1.070445
 -1.569772 -1.164308 -1.895193 -1.110241
 -0.634308 -1.992428 -1.992428 -1.624705
 -1.064712 -1.709067 -2.268679 -0.992391
 -1.060874 -1.553347 -2.852606 -0.955514
 -1.766757 -1.596859 -2.018070 -0.705887
 -0.969403 0.000100 0.000100 0.000100
 -2.114525 0.000100 0.000100 0.000100
 -1.495493 0.000100 0.000100 0.000100
 -1.287855 0.000100 0.000100 0.000100
 -1.299284 -1.481603 -1.145136 -1.704741
 -1.252770 -1.945867 -1.945867 -0.847322
 -1.178661 -1.871783 -1.466334 -1.178661
 -2.079417 -2.079417 -0.693160 -1.386294
 -1.540440 -1.252767 -1.252767 -1.540440
 -1.609428 -1.609428 -0.693167 -2.302525
 -0.865006 -2.251263 -0.998536 -2.251263
 -1.098619 -1.321757 -1.609431 -1.609431
 -0.000017 -12.100735 -12.100735 -12.100735
 -0.000025 -11.695280 -11.695280 -11.695280
 -0.000016 -12.154800 -12.154800 -12.154800
 -0.000033 -11.407610 -11.407610 -11.407610
 -0.000005 -13.270790 -13.270790 -13.270790
 -1.386294 -1.386294 -1.386294 -1.386294
 -1.386294 -1.386294 -1.386294 -1.386294
 -1.386294 -1.386294 -1.386294 -1.386294
 -13.270790 -13.270790 -0.000005 -13.270790
 -1.386294 -1.386294 -1.386294 -1.386294
 -1.386294 -1.386294 -1.386294 -1.386294
 -1.386294 -1.386294 -1.386294 -1.386294
 -1.386294 -1.386294 -1.386294 -1.386294
 -1.386294 -1.386294 -1.386294 -1.386294
 -13.270790 -13.270790 -13.270790 -0.000005
 -1.386294 -1.386294 -1.386294 -1.386294
 -1.386294 -1.386294 -1.386294 -1.386294
 -1.386294 -1.386294 -1.386294 -1.386294
 -1.386294 -1.386294 -1.386294 -1.386294
 -0.000005 -13.270790 -13.270790 -13.270790
 -0.000005 -13.270790 -13.270790 -13.270790
 -1.386294 -1.386294 -1.386294 -1.386294
 -1.386294 -1.386294 -1.386294 -1.386294
 -1.386294 -1.386294 -1.386294 -1.386294
 -13.270790 -13.270790 -0.000005 -13.270790
 -1.386294 -1.386294 -1.386294 -1.386294
 -1.386294 -1.386294 -1.386294 -1.386294
 -1.386294 -1.386294 -1.386294 -1.386294
 -1.386294 -1.386294 -1.386294 -1.386294
 -1.386294 -1.386294 -1.386294 -1.386294
 -0.802350 -1.575535 -1.757855 -1.757855
 -1.386294 -1.386294 -1.386294 -1.386294
 -1.312187 -1.648654 -1.466336 -1.178658
 -1.098621 -1.098621 -2.484840 -1.386294
 -1.203979 -2.302525 -1.609428 -0.916306
 -2.302525 -1.609428 -0.916306 -1.203979
 -1.321757 -1.321757 -2.707977 -0.916301
 -0.875482 -1.386294 -2.484840 -1.386294
 -1.466334 -0.955522 -1.178661 -2.564880
 -1.280936 -1.280936 -2.197197 -1.098618
 -0.887312 -1.734591 -2.140040 -1.223779
 -0.887312 -1.446918 -2.833137 -1.223779
 -0.693172 -1.386294 -11.289832 -1.386294
 -2.772514 -1.163156 -2.772514 -0.575378
 -1.335002 -1.845814 -0.998536 -1.558141
 -1.029628 -1.252767 -1.945889 -1.540440
 -10.596735 -1.386294 -1.386294 -0.693197
 -1.252765 -3.044441 -1.098617 -1.098617
 -1.163156 -2.079417 -1.163156 -1.386294
 -0.587811 -2.197169 -11.407610 -1.098623
 -1.041461 -1.223779 -1.734591 -1.734591
 -1.163156 -1.386294 -2.772514 -0.980838
